100
35 0
88 3
97 1
31 0
0 1
4 0
10 3
32 0
57 0
70 1
12 2
88 0
95 3
1 0
52 2
23 2
77 3
76 2
65 3
22 1
97 3
16 1
78 2
65 1
80 2
87 1
18 0
84 2
8 0
56 1
9 2
43 2
44 3
8 1
14 1
7 3
44 1
76 1
32 3
26 2
62 2
6 3
63 1
70 1
22 2
25 1
56 3
39 1
12 1
35 3
97 3
53 3
33 2
44 3
15 1
17 2
33 2
39 1
53 2
15 2
55 1
74 1
94 0
68 0
64 1
77 1
93 1
41 2
96 3
12 3
13 2
52 3
21 2
21 1
51 3
26 0
13 0
30 0
25 3
42 3
76 3
74 2
76 3
17 2
18 1
12 2
70 1
82 3
96 0
54 2
18 1
57 2
91 3
69 1
87 2
46 1
14 0
87 2
38 2
96 0
31 2
16 2
64 0
96 1
21 2
60 1
80 0
29 0
49 0
68 1
89 1
20 0
29 0
2 3
88 1
59 3
50 3
6 0
15 3
95 1
61 3
71 0
46 1
39 3
89 3
23 0
9 2
69 1
79 2
34 2
52 2
43 3
91 0
6 2
10 1
37 3
36 0
13 1
1 3
82 0
55 1
15 2
1 1
15 0
71 0
27 2
68 2
38 2
63 3
68 0
68 2
33 2
94 0
85 0
1 2
7 2
14 1
17 2
44 0
79 3
6 1
44 0
69 0
78 2
17 3
39 0
62 2
83 1
62 1
94 1
66 0
70 3
72 1
80 1
1 1
84 3
71 1
76 3
77 1
88 1
25 3
42 2
15 2
84 1
62 3
21 1
86 0
54 0
9 3
50 2
7 3
10 1
2 3
31 0
29 1
80 3
48 0
69 2
82 1
17 0
77 1
50 1
1 0
33 3
61 1
83 3
83 2
23 0
33 0
13 2
85 3
70 0
40 2
5 0
35 3
35 0
55 0
21 0
3 0
64 1
8 2
71 2
96 2
87 2
42 2
29 3
85 2
24 3
38 2
0 2
18 2
55 0
97 3
54 3
5 0
89 0
58 1
26 1
69 0
26 0
45 2
64 1
92 0
11 0
26 2
56 3
5 2
14 1
34 0
46 2
22 3
55 3
69 3
41 1
87 0
38 2
61 2
78 1
9 3
91 1
44 1
66 3
35 1
71 2
89 1
86 0
31 2
5 1
35 0
2 2
8 3
57 3
40 3
21 0
55 2
47 0
36 2
78 0
57 2
66 3
81 2
78 1
87 3
85 3
58 2
53 0
95 1
56 3
17 0
54 3
44 2
41 2
90 1
6 2
97 3
29 0
3 3
34 3
78 3
0 3
86 1
35 3
26 0
53 3
48 0
2 1
64 2
20 2
75 3
74 2
96 1
18 3
65 0
40 0
36 2
61 2
42 0
90 0
61 3
36 0
25 3
59 0
2 2
71 3
86 3
46 3
38 0
3 1
31 0
94 0
35 2
39 1
31 1
56 2
7 3
22 1
74 2
91 3
82 1
37 0
9 0
61 3
30 1
11 1
58 2
56 2
88 1
48 2
58 2
31 2
34 1
97 2
62 0
79 2
65 1
83 3
67 3
78 1
22 1
83 2
44 1
39 1
95 1
79 2
42 1
37 2
8 3
32 0
49 0
86 2
89 3
74 0
28 2
88 1
48 2
8 2
69 0
60 2
33 1
88 1
78 0
71 2
89 1
17 0
80 0
94 0
80 1
73 1
4 1
95 2
37 2
93 2
19 3
41 1
26 3
25 3
34 1
90 0
75 0
82 2
8 1
75 2
40 2
9 0
11 1
80 1
76 3
71 3
55 0
58 2
71 1
26 2
78 2
97 0
75 1
54 1
15 3
44 1
62 2
89 0
31 3
73 3
93 0
7 3
20 2
48 1
47 1
97 1
27 0
29 0
37 1
70 1
42 2
38 0
17 1
93 3
59 1
6 2
30 1
32 2
10 3
60 2
56 2
35 2
34 2
58 2
87 1
0 1
19 1
55 0
42 1
49 0
42 1
86 1
67 1
4 3
74 3
89 0
33 1
87 0
38 0
69 0
5 2
16 1
30 2
40 0
48 0
80 0
94 0
8 2
83 2
62 3
20 1
24 1
20 2
5 3
30 2
31 2
11 0
62 1
0 3
87 0
76 0
37 2
65 1
96 0
69 0
42 0
91 0
21 2
51 3
5 1
20 3
89 2
62 0
51 0
88 1
79 3
72 1
33 0
31 3
55 3
64 1
21 0
8 2
54 3
42 1
76 1
67 2
35 0
46 0
70 3
0 2
87 1
0 3
47 0
55 0
45 3
86 2
19 2
88 0
39 0
74 0
61 3
30 2
45 3
56 2
40 3
80 3
30 2
51 3
46 1
43 2
33 2
37 1
84 3
10 2
93 0
97 1
10 3
83 3
32 1
83 1
95 2
84 3
77 0
38 3
55 0
27 0
20 3
74 2
28 2
68 0
48 1
56 1
80 1
11 0
55 3
94 0
10 2
80 1
52 0
33 1
71 0
65 2
59 1
63 1
8 1
65 2
61 2
37 0
82 2
56 2
91 0
92 0
44 2
3 0
38 0
46 3
46 3
9 3
32 1
36 1
65 3
76 2
21 0
22 1
73 2
73 2
91 0
67 0
87 3
88 1
79 1
37 1
29 3
33 0
47 2
90 2
9 1
17 3
10 1
94 2
0 3
13 0
97 3
92 2
35 1
29 2
29 0
40 2
52 3
29 0
52 3
24 3
70 3
0 3
46 2
35 0
26 1
69 1
91 3
23 2
83 1
53 2
80 2
55 3
55 0
71 0
2 1
84 2
22 0
83 1
10 3
17 3
12 2
82 1
30 1
4 2
12 3
67 2
19 2
38 3
94 1
55 3
40 1
50 0
51 2
79 2
89 2
16 0
63 3
29 1
84 3
46 2
91 0
38 3
92 2
50 1
7 3
63 0
53 1
15 2
56 3
64 2
84 0
45 3
72 2
42 0
8 0
41 1
2 1
76 1
88 2
38 1
5 3
57 2
66 2
70 2
83 2
17 2
63 2
3 0
31 3
63 0
58 0
35 1
46 2
18 3
96 3
83 0
24 2
17 0
71 0
91 0
85 3
77 2
38 0
5 1
64 0
46 3
97 0
38 2
46 3
84 2
40 2
82 2
52 2
69 1
40 0
56 1
88 2
46 0
90 1
58 1
19 1
47 1
72 1
72 1
49 1
21 1
68 1
61 2
60 3
61 0
82 1
4 3
79 1
96 3
64 2
12 1
30 0
41 3
49 2
63 2
56 2
40 0
7 3
88 0
29 0
58 1
20 1
61 3
86 2
32 2
19 2
31 0
74 0
69 0
11 1
63 1
27 3
15 1
75 0
66 0
90 1
26 0
34 2
52 0
1 0
3 2
14 2
61 3
65 3
38 0
46 3
97 2
43 2
79 2
93 2
13 3
39 1
78 0
95 1
51 0
15 1
10 0
77 0
81 2
57 2
28 0
16 2
47 2
20 2
81 2
44 1
63 0
42 2
0 1
76 3
80 0
15 3
12 3
74 2
85 3
46 3
4 2
91 0
32 1
42 0
15 0
14 2
36 2
90 2
34 3
82 3
46 0
39 0
42 1
93 2
74 3
1 0
66 1
65 2
77 2
14 2
9 1
96 3
42 3
28 2
47 3
71 1
41 2
85 0
55 3
80 0
77 0
13 1
45 1
47 2
77 0
80 1
75 0
91 0
24 3
84 1
62 0
74 3
54 1
90 3
44 1
63 2
66 0
53 0
4 3
48 0
89 0
20 2
88 3
30 3
70 2
79 1
31 0
39 0
30 3
95 3
81 1
28 3
29 0
89 2
8 1
55 2
62 3
92 2
10 1
76 2
42 2
74 1
89 2
26 2
26 1
74 0
82 0
43 1
38 0
51 1
64 0
86 1
59 0
34 0
44 2
73 3
18 1
64 2
83 0
11 3
12 3
95 1
38 1
93 2
37 1
13 2
13 1
46 1
44 3
43 1
27 0
49 2
30 2
81 0
4 2
13 1
27 1
38 2
30 3
24 1
27 2
50 0
6 3
56 0
62 1
38 3
0 1
39 0
94 0
8 1
85 3
29 0
97 1
26 1
20 1
73 2
6 3
28 3
79 0
37 3
96 3
26 0
16 0
6 0
39 0
75 0
84 3
13 1
21 3
2 0
89 2
7 0
61 0
37 3
21 2
19 1
15 2
73 2
36 2
5 2
43 3
67 1
37 1
53 0
24 0
94 1
22 3
34 0
13 3
45 3
70 3
44 0
91 0
27 3
25 2
91 3
0 0
8 2
91 3
69 3
42 1
7 0
61 2
5 3
37 0
3 0
13 1
41 1
95 3
97 0
62 2
11 0
79 2
38 2
29 3
33 2
24 0
75 0
83 3
71 2
85 0
5 0
45 0
90 1
72 0
11 3
23 3
66 0
94 3
52 3
82 0
51 3
62 3
16 0
58 0
40 0
85 1
70 2
8 2
30 1
93 2
36 2
37 3
48 0
8 3
65 2
70 3
0 3
82 2
91 0
18 1
23 1
45 1
40 3
59 3
24 2
76 0
8 3
42 2
20 0
86 3
97 3
1 0
55 3
28 0
59 2
81 1
10 0
28 2
35 1
31 3
96 1
49 2
91 0
57 3
48 3
9 0
8 3
25 2
92 2
85 3
11 2
34 1
43 2
16 1
33 2
16 0
50 1
46 0
83 1
47 1
8 0
75 2
81 0
3 1
93 2
37 0
47 1
64 0
68 3
58 1
70 2
27 0
16 2
89 3
57 2
18 0
17 2
60 3
51 3
19 1
82 1
11 3
63 1
37 2
89 2
17 1
64 2
67 1
20 3
75 0
97 2
51 1
23 2
2 2
28 1
90 3
96 2
2 2
95 0
35 3
5 0
45 1
28 0
34 1
82 0
67 2
24 2
20 1
8 2
52 3
53 3
8 2
89 0
41 2
0 1
32 0
9 1
63 0
83 1
81 3
84 2
34 2
76 1
3 2
21 2
71 2
81 2
54 2
81 0
7 3
72 2
80 1
97 3
53 0
14 1
24 0
13 0
3 2
59 1
75 2
97 2
47 1
71 2
38 0
55 3
74 3
9 2
83 1
97 2
48 3
2 2
71 3
3 1
91 1
91 0
22 2
25 2
71 0
23 1
19 1
57 3
61 1
19 1
93 2
21 3
63 3
21 2
73 2
34 0
96 0
74 3
31 0
18 0
20 0
58 1
81 2
91 2
46 1
35 2
54 0
79 1
86 1
59 0
74 0
32 3
23 1
56 3
25 3
37 1
4 3
49 1
56 2
17 3
94 0
16 3
18 3
8 0
38 0
44 1
4 2
2 1
42 0
24 1
21 1
45 1
26 3
56 2
79 3
11 1
47 0
76 2
67 0
50 1
4 1
73 0
2 0
2 2
21 0
18 3
65 3
1 3
73 0
21 1
63 2
21 1
49 0
86 0
63 1
57 3
85 2
35 1
84 1
37 0
3 2
62 0
7 3
39 0
96 0
82 1
89 1
1 3
51 1
47 0
50 1
27 0
9 3
16 2
32 3
82 0
33 0
20 2
93 3
37 2
49 2
95 1
26 1
85 3
28 1
58 1
48 3
76 2
9 3
55 0
31 3
72 2
80 1
18 1
54 0
71 1
22 3
3 1
97 1
42 0
0 0
41 0
57 2
97 1
57 3
57 2
29 0
47 3
28 3
93 1
3 1
11 0
20 1
27 3
23 2
11 0
58 3
70 0
25 3
55 1
27 0
1 3
31 0
26 3
70 2
11 3
90 0
90 1
11 0
55 0
4 3
93 3
61 0
72 1
77 3
21 2
78 3
48 3
79 3
14 1
1 2
28 1
54 2
15 1
80 2
66 3
16 2
25 2
5 2
89 3
61 3
20 1
94 3
4 2
0 0
37 0
22 2
58 2
6 2
60 2
89 1
85 3
50 2
26 1
35 3
6 0
92 3
79 3
69 1
40 0
5 3
88 2
14 0
14 1
53 1
2 1
3 3
14 0
73 2
82 1
36 2
19 3
93 1
80 3
23 0
21 2
93 1
17 3
57 0
83 2
2 1
46 2
34 2
52 1
45 3
5 2
16 0
9 1
48 1
23 1
46 0
81 3
60 0
0 2
49 2
59 3
78 2
56 3
4 0
67 1
92 2
64 0
62 0
18 1
83 2
96 0
1 1
94 0
34 3
86 3
55 1
94 3
47 0
39 2
6 3
24 3
25 3
72 1
47 0
8 2
84 1
75 1
86 3
23 2
6 3
38 1
43 1
67 2
22 0
43 3
16 1
70 3
46 1
95 3
39 0
94 1
61 3
96 1
81 2
22 0
97 3
53 3
43 3
70 2
92 2
32 2
41 2
72 0
84 0
7 0
12 2
61 0
70 3
67 1
22 2
76 0
62 3
4 2
95 3
39 2
79 1
0 3
6 0
82 1
83 3
53 1
97 1
20 0
53 3
68 3
44 0
28 3
61 1
85 0
64 3
79 0
8 3
25 1
5 1
41 2
39 3
3 3
96 0
2 0
25 1
30 3
5 2
16 0
74 0
95 1
11 3
96 2
16 3
74 0
21 1
55 2
75 2
69 0
9 3
64 0
81 1
34 3
97 0
33 2
68 0
75 0
32 1
96 2
9 0
20 0
8 3
26 2
54 2
75 2
18 1
10 3
81 0
38 2
34 1
8 2
5 2
66 2
87 1
33 3
74 1
0 1
76 0
57 3
80 1
67 3
27 3
30 1
53 0
22 0
67 2
96 2
55 2
63 3
35 1
1 0
71 2
62 1
94 0
44 1
27 0
89 1
0 0
58 3
97 2
96 2
26 1
11 2
10 2
42 3
77 2
65 1
60 1
65 3
78 3
73 0
54 3
83 1
94 0
0 2
56 0
53 0
46 1
23 2
68 2
1 0
38 3
28 1
57 2
23 3
83 2
87 3
22 3
4 0
76 2
5 3
57 1
14 1
36 2
40 0
30 2
38 2
67 0
20 3
68 1
26 2
11 0
66 1
24 2
80 2
40 1
76 0
83 0
27 0
86 2
36 3
62 0
20 0
17 0
49 3
31 0
82 2
80 3
68 2
68 2
22 3
13 2
33 3
94 1
89 3
45 1
84 0
87 1
4 3
32 0
75 1
60 1
46 1
65 2
17 3
41 1
30 1
17 1
49 3
43 1
16 3
13 2
94 0
36 1
15 0
9 1
44 3
59 2
85 2
90 1
15 0
58 1
34 1
54 2
75 3
55 3
7 1
75 0
50 1
7 1
20 2
9 1
71 0
5 1
32 1
45 2
33 3
27 3
75 0
48 1
53 0
66 1
97 3
18 0
30 3
85 2
96 0
82 0
49 3
51 1
61 2
9 0
19 0
50 1
12 3
57 0
53 1
52 1
53 3
75 3
15 0
63 2
4 1
11 3
83 2
87 0
77 1
67 2
20 1
74 3
37 2
65 0
88 1
33 0
94 0
46 3
70 2
70 3
70 3
64 1
90 2
12 1
43 2
48 3
93 3
65 0
54 3
86 0
74 2
59 2
54 1
6 2
34 1
2 2
56 1
81 2
47 0
24 3
3 3
75 2
7 1
65 2
19 2
16 2
29 1
25 0
56 0
64 2
35 0
77 0
22 3
50 3
58 3
96 2
68 1
29 3
61 1
80 3
72 1
23 1
31 1
41 0
28 0
59 0
44 1
72 0
13 0
55 1
28 1
32 1
25 3
8 3
25 0
23 3
6 2
6 0
1 2
11 1
68 3
83 3
72 3
71 0
81 2
20 1
81 2
31 1
74 1
14 1
81 3
29 2
92 3
94 0
40 3
57 2
59 1
66 1
46 2
32 1
88 2
20 3
0 2
14 1
28 2
6 2
62 2
31 2
59 2
19 0
58 1
82 2
24 2
42 1
28 3
22 2
95 3
54 1
83 1
6 2
71 1
44 3
95 1
69 3
89 0
58 2
53 1
49 0
11 2
26 2
2 2
84 0
71 0
42 2
32 2
16 3
41 1
74 2
30 3
84 1
22 2
57 2
65 3
64 2
14 1
66 3
38 1
55 2
53 3
58 1
73 3
4 3
83 2
29 3
58 3
10 3
47 2
16 1
36 2
79 1
19 1
84 3
8 0
31 3
78 1
15 1
41 1
68 2
3 1
20 1
56 0
0 1
25 0
91 1
26 1
23 3
41 2
20 3
78 2
77 0
20 2
14 2
96 1
61 2
49 1
24 0
2 1
5 2
79 2
26 0
94 0
41 0
62 0
10 2
73 2
94 3
44 3
5 0
84 2
2 2
76 3
71 1
30 1
31 3
62 1
14 0
94 1
40 0
60 0
57 0
74 2
53 2
95 2
64 0
21 0
17 2
76 3
35 1
10 1
83 2
71 0
21 1
44 2
36 2
88 0
9 0
77 3
91 1
34 1
91 1
35 3
5 1
85 1
75 3
44 3
51 1
50 0
8 1
73 1
70 3
95 0
30 0
4 1
89 0
47 2
80 3
26 3
31 1
56 3
35 0
18 1
87 3
85 2
27 1
87 1
82 0
81 3
80 3
4 0
28 3
37 2
90 2
21 2
62 0
0 1
81 3
89 1
20 0
71 2
36 2
54 0
38 1
78 3
79 2
57 2
74 0
88 3
80 1
22 1
87 1
65 1
22 0
17 3
88 0
88 2
46 0
63 1
49 0
47 3
24 1
12 2
44 2
30 1
22 1
84 2
18 1
29 0
66 1
86 0
35 2
74 1
95 2
21 3
20 0
91 0
66 1
6 1
93 2
74 2
74 1
90 0
71 3
86 2
65 3
17 1
29 0
13 0
66 3
76 0
16 3
5 2
88 2
59 2
17 3
77 1
8 2
93 3
49 0
44 2
63 2
34 2
37 1
0 0
78 1
50 1
46 0
49 1
21 0
59 1
52 1
37 3
11 2
70 3
95 2
31 1
27 0
36 0
29 3
95 3
80 0
37 2
11 1
67 0
85 1
26 1
64 2
35 2
48 1
25 0
75 3
5 2
41 0
48 1
35 0
58 1
64 3
45 0
3 0
45 1
61 0
55 0
62 2
34 2
17 2
11 1
68 3
86 0
86 1
78 2
76 1
52 2
97 2
20 1
85 2
71 2
80 1
47 2
20 0
92 1
52 3
46 3
95 2
2 2
77 1
67 3
56 0
19 0
32 2
52 3
53 2
78 1
10 2
94 0
55 2
47 0
44 0
67 0
60 2
92 1
45 2
28 0
27 3
76 3
66 3
31 3
16 3
23 0
4 0
72 1
85 3
86 3
74 3
57 3
60 1
56 2
57 2
88 3
9 0
73 2
38 0
66 1
88 2
26 3
50 0
89 3
71 3
56 2
15 2
78 1
57 3
43 3
87 3
29 1
55 2
93 3
82 3
87 1
29 2
21 2
34 0
15 2
49 2
70 3
53 2
36 1
15 1
61 0
31 3
73 2
5 3
23 1
5 0
32 1
52 2
93 0
53 2
52 2
54 0
85 2
94 0
25 1
66 1
50 3
36 3
83 2
58 3
7 3
95 1
42 1
63 1
44 2
68 2
46 3
84 0
88 0
59 2
68 1
83 3
3 3
70 1
62 3
55 1
72 0
52 0
68 1
65 3
77 1
21 2
51 3
86 3
37 2
57 1
52 1
30 3
58 2
17 3
86 3
65 1
90 0
61 0
89 0
87 3
11 3
54 3
83 1
6 2
30 1
8 0
77 1
64 2
20 3
25 1
91 1
7 3
5 0
56 0
93 1
86 0
45 3
64 3
27 1
73 2
71 1
70 2
84 2
78 0
74 1
17 3
5 1
91 2
38 1
19 1
88 3
10 1
53 1
26 2
29 1
90 0
34 0
62 2
88 0
82 3
38 0
63 3
81 2
45 3
34 3
10 3
10 3
84 3
56 1
1 1
62 3
40 3
61 0
59 2
73 2
39 1
0 3
34 2
79 2
10 3
26 3
51 3
61 1
25 1
91 1
34 3
83 1
18 3
8 3
7 2
77 2
47 3
95 3
49 0
96 0
41 0
30 3
75 1
48 2
87 3
66 0
8 0
85 1
24 1
22 1
43 2
53 0
69 3
86 2
68 3
12 1
63 0
46 3
26 2
76 1
39 3
47 3
95 3
72 0
50 2
63 2
80 1
43 0
59 3
49 0
30 3
44 3
14 2
91 0
66 2
81 2
80 3
59 1
23 2
56 1
18 1
55 1
68 1
77 3
59 0
65 2
49 2
32 2
0 1
33 1
69 0
72 3
27 3
5 1
24 1
50 3
24 3
83 2
74 3
49 3
2 1
90 0
17 0
63 2
56 0
72 0
44 1
67 3
93 3
0 3
49 3
20 1
79 0
97 1
71 1
71 2
89 1
1 2
46 0
92 3
28 3
78 1
88 2
10 0
27 3
28 1
23 0
53 3
23 0
42 0
69 2
20 1
15 2
25 2
90 0
25 2
83 2
23 3
77 0
79 3
55 3
51 1
80 2
39 3
52 1
62 3
61 2
81 1
54 1
66 1
81 0
25 2
25 1
7 2
5 0
67 0
17 0
94 3
40 0
93 1
58 0
6 0
38 1
47 0
34 3
58 3
72 3
79 1
44 3
7 2
52 3
52 2
20 3
64 2
22 1
10 2
55 1
25 3
45 2
71 1
51 2
75 1
10 2
38 3
20 2
12 0
33 0
93 2
37 3
47 0
8 1
47 1
11 2
66 0
44 0
15 1
25 2
83 0
63 0
93 3
5 1
69 2
96 1
31 0
59 3
65 3
27 2
29 0
5 2
45 1
74 0
87 1
92 1
21 3
65 3
78 3
16 0
90 2
10 0
67 0
91 2
52 1
1 1
12 3
97 3
28 1
1 0
68 2
65 0
25 1
70 3
80 1
77 1
30 2
1 1
9 1
68 0
80 0
11 0
52 2
5 2
53 1
72 0
79 0
97 0
39 2
74 0
71 2
79 3
95 3
36 1
5 0
71 3
88 0
76 3
67 1
77 3
86 1
39 3
65 1
70 2
32 3
1 1
61 0
54 1
47 2
25 1
8 3
25 0
75 0
2 3
79 1
54 3
62 3
63 0
26 0
95 1
40 0
78 0
81 3
67 0
29 1
41 0
35 0
55 3
41 3
96 1
94 0
92 2
71 0
86 0
23 3
25 2
35 2
90 3
29 2
8 0
27 2
68 1
79 1
77 3
52 1
94 2
86 0
13 1
7 1
82 0
5 3
52 0
49 0
85 2
5 2
10 3
96 0
72 1
88 0
17 2
42 0
38 3
27 2
60 1
80 2
31 1
40 1
3 2
81 3
36 0
83 0
5 3
45 0
9 3
49 0
58 0
78 3
3 2
68 2
50 0
26 0
34 0
51 3
85 3
32 1
22 3
46 2
34 3
90 2
18 1
49 1
54 3
84 2
42 2
79 3
84 2
31 1
80 1
47 0
72 1
93 3
18 2
62 3
58 3
96 2
58 2
6 0
87 1
65 1
42 2
5 1
22 0
14 2
17 2
11 3
90 0
82 3
89 2
92 3
62 2
66 0
90 0
67 1
67 0
65 1
75 3
3 3
90 3
54 3
7 2
47 0
36 1
10 3
63 0
28 2
83 1
59 0
71 3
1 3
38 0
13 0
93 3
89 2
58 1
33 2
15 1
55 3
33 2
83 1
36 0
63 3
44 1
40 1
64 3
83 1
24 0
51 1
81 0
56 1
54 2
1 1
54 0
0 2
2 1
42 2
92 3
40 2
23 0
55 3
7 0
2 0
68 2
60 2
51 1
83 1
4 3
89 2
64 0
63 0
81 2
65 3
55 0
57 2
93 0
5 2
73 2
2 0
71 1
42 1
51 3
66 3
54 0
60 3
61 0
56 2
27 0
18 0
28 3
84 2
6 3
73 3
11 1
22 0
82 1
82 2
40 2
39 0
37 3
60 3
3 1
64 3
31 2
37 0
36 1
53 2
70 2
46 2
48 1
50 0
14 1
85 2
79 2
32 2
20 1
59 3
1 3
79 3
88 3
30 3
13 1
54 0
66 1
74 3
65 2
59 2
44 3
40 2
60 2
97 2
82 0
82 0
90 1
10 0
2 0
57 1
76 1
79 2
68 0
15 0
39 2
55 1
51 2
22 2
50 0
67 1
80 1
5 2
73 2
4 2
68 2
85 3
42 1
48 1
19 3
82 3
95 0
91 2
37 2
4 0
38 0
57 1
88 3
77 2
22 0
43 2
50 3
5 0
58 0
44 2
62 1
80 1
92 1
32 0
61 2
64 1
50 0
28 1
97 0
45 1
60 2
49 2
8 3
77 1
55 2
23 3
17 3
90 2
58 0
76 3
71 1
1 1
49 2
27 3
91 0
8 1
65 0
56 3
84 0
9 3
78 1
26 0
25 1
94 3
54 2
77 0
25 2
77 0
12 3
82 1
33 2
86 2
49 0
94 3
82 2
22 1
60 2
30 3
64 3
88 3
10 1
61 2
26 3
45 2
34 0
95 0
85 1
14 2
86 0
14 1
6 3
50 1
23 2
29 3
22 0
17 3
11 1
26 0
95 2
54 0
11 3
94 2
22 2
80 3
20 3
22 1
5 1
40 3
92 0
5 3
80 1
14 3
35 1
27 0
18 0
11 3
26 1
63 2
95 1
50 0
41 0
74 2
68 3
74 1
67 3
84 1
37 3
92 2
15 1
28 1
14 1
94 2
14 3
17 2
41 3
83 0
19 2
86 0
97 1
17 0
72 2
30 3
74 2
39 3
44 0
63 0
9 0
79 1
45 0
78 3
29 3
18 2
39 1
3 1
66 1
52 1
37 3
20 0
16 1
32 0
85 0
47 2
62 1
13 0
39 1
8 0
28 3
17 0
17 0
84 1
97 2
25 0
95 0
37 0
63 3
50 0
50 2
19 2
7 1
9 2
96 2
18 0
55 2
76 0
74 0
20 3
29 0
53 0
17 3
19 1
23 1
46 0
80 1
9 1
29 0
15 0
54 2
8 1
44 0
58 1
19 1
85 1
47 1
58 2
23 3
83 3
32 3
2 1
34 2
91 1
80 3
97 2
30 3
83 1
51 1
61 0
6 0
2 1
56 2
65 2
28 1
90 3
97 0
80 2
42 2
0 1
85 0
44 0
87 1
76 2
55 0
51 0
94 0
87 3
5 3
50 0
52 0
73 3
4 3
62 3
38 2
17 0
94 3
83 3
29 2
24 0
19 2
61 0
3 2
71 0
96 3
16 1
38 0
21 1
76 1
9 3
41 1
13 3
12 2
68 0
33 1
82 0
22 2
32 1
38 1
81 1
88 0
44 2
0 3
57 0
53 2
21 2
21 0
29 0
37 3
38 3
92 3
65 2
74 2
22 0
38 3
21 3
10 2
57 2
69 3
54 2
83 1
89 2
18 0
4 2
95 3
71 1
44 1
54 2
34 0
17 0
54 3
6 2
80 3
94 1
22 2
92 1
69 2
26 1
31 3
52 1
82 0
74 1
35 3
40 2
71 0
64 2
86 3
75 3
25 1
84 0
18 2
24 2
56 1
36 2
75 0
57 3
55 3
19 3
54 2
13 3
49 0
6 3
94 2
91 2
14 0
70 2
50 0
24 1
15 3
45 0
83 2
95 1
43 3
7 2
83 3
68 3
40 2
21 2
12 3
43 3
57 3
41 1
31 0
46 2
67 1
38 3
66 2
20 2
29 3
81 1
59 2
23 2
9 2
28 3
65 3
41 2
59 0
84 3
49 1
86 2
19 0
40 0
87 1
95 1
73 1
5 0
63 1
0 3
23 1
82 2
79 3
29 3
4 0
0 1
96 0
48 3
91 2
88 1
63 1
56 2
38 0
40 1
12 0
47 1
24 3
6 2
25 0
33 2
74 2
14 3
62 0
11 1
67 0
7 0
50 1
0 3
37 0
88 2
18 3
18 1
22 1
59 0
10 0
62 0
13 2
52 2
54 1
12 2
7 0
95 3
9 2
54 1
78 1
17 3
74 0
63 2
18 1
61 0
56 3
25 0
51 3
34 0
25 0
28 1
22 3
96 2
68 0
3 3
10 0
55 2
3 2
62 1
88 2
57 1
44 2
26 2
39 1
82 1
26 2
3 0
50 3
6 1
95 1
16 3
43 1
9 0
63 0
69 3
88 1
50 3
63 0
77 2
48 0
62 0
28 1
53 0
12 3
76 3
21 3
38 0
96 1
29 3
37 0
49 3
87 0
32 3
24 1
71 1
61 2
22 3
71 0
27 2
66 2
1 3
37 3
49 0
88 3
62 0
89 1
83 3
59 3
9 3
52 3
67 3
5 3
54 0
12 2
72 0
83 0
32 3
10 3
39 1
41 2
1 3
41 3
47 1
37 1
41 1
18 2
87 3
58 3
96 3
82 0
62 0
97 1
52 1
55 3
40 2
62 2
89 0
74 3
15 0
25 0
41 2
35 0
51 3
94 0
77 1
83 0
52 2
48 3
78 1
1 2
78 3
43 2
30 3
29 3
85 0
54 1
60 2
19 1
54 3
15 3
96 1
66 2
69 1
81 3
87 0
91 3
48 1
69 2
52 2
4 3
30 2
71 0
32 2
34 2
21 2
42 0
5 0
11 2
89 1
63 3
65 1
91 1
56 1
94 3
40 3
20 1
49 2
67 3
52 0
82 2
47 3
90 0
88 0
55 3
42 0
34 1
31 0
94 1
42 1
62 1
73 2
56 1
97 3
84 0
50 2
73 3
90 2
46 2
6 0
56 1
5 1
18 1
25 2
48 0
64 2
49 0
28 2
96 3
5 2
41 1
11 1
57 2
13 1
33 2
48 2
66 3
12 0
86 1
97 1
34 1
18 0
92 2
42 2
75 1
65 0
14 1
65 3
29 3
65 0
19 1
29 0
33 2
63 1
23 2
77 3
28 0
37 1
27 2
43 3
71 1
71 2
56 2
91 2
45 0
32 3
63 0
52 2
50 0
25 3
86 2
52 3
21 0
27 3
75 2
27 2
35 2
9 1
13 1
12 1
97 3
63 0
93 0
57 1
88 0
5 2
7 3
78 3
90 0
24 2
38 1
45 3
35 0
1 0
84 1
28 3
91 0
9 0
55 1
69 0
61 3
83 2
75 0
26 0
42 3
50 2
29 1
6 1
39 1
22 1
80 1
60 2
85 0
10 0
38 3
16 1
18 3
66 3
62 3
77 3
56 3
72 2
60 2
54 2
88 0
68 1
31 2
17 0
92 1
69 3
41 1
81 0
59 1
89 2
91 3
43 0
64 2
11 3
94 1
39 2
24 1
89 2
84 0
15 0
62 1
34 1
17 3
63 2
43 3
30 0
21 3
38 2
80 1
77 3
42 0
56 0
7 2
86 0
54 0
65 3
68 0
51 2
26 3
80 0
51 0
30 1
93 3
54 2
27 2
75 2
1 1
45 1
27 2
76 3
31 3
49 2
14 3
30 1
19 3
38 0
96 1
33 2
74 3
3 3
45 2
94 3
97 1
97 2
59 0
4 2
73 3
41 1
13 1
93 0
77 1
93 3
62 3
53 2
66 2
19 3
61 2
96 3
62 1
7 0
77 3
68 2
28 2
56 2
37 1
67 3
50 3
83 3
81 0
7 1
18 3
46 0
5 1
73 3
90 0
6 3
68 1
38 2
25 0
11 0
8 2
76 0
90 1
42 0
83 2
59 3
63 2
91 2
11 0
57 1
80 3
50 3
12 2
60 0
4 3
1 3
68 2
18 2
93 2
4 0
79 0
69 0
97 3
29 0
21 2
30 0
71 0
91 2
42 2
16 1
64 0
34 3
39 3
83 2
69 3
13 2
6 3
72 3
29 2
83 3
5 2
15 1
11 1
23 0
67 1
74 0
15 0
44 1
56 0
32 3
30 2
83 3
13 2
11 3
36 2
19 2
61 2
91 2
95 2
36 1
68 0
89 1
22 3
58 2
43 2
70 0
84 2
95 2
62 1
56 1
18 0
50 1
95 0
72 0
11 2
43 1
78 3
59 0
20 0
47 2
63 0
76 1
44 0
81 0
65 2
59 2
4 3
17 1
47 2
73 0
43 1
74 1
92 0
39 0
4 2
24 3
42 2
7 3
35 3
70 0
6 3
77 1
93 1
81 1
22 3
11 0
16 1
75 0
29 1
54 1
51 1
75 2
6 3
46 0
55 3
35 2
56 2
97 1
49 3
71 0
41 2
21 0
59 1
87 2
13 0
16 1
89 2
56 2
1 1
64 3
63 1
86 1
23 0
80 0
54 2
93 0
47 3
45 3
71 1
46 3
15 0
9 0
26 2
55 0
74 2
46 0
57 2
9 0
0 0
95 0
32 2
48 3
8 1
16 1
77 2
36 1
52 1
77 1
43 2
57 1
89 3
70 0
42 3
61 3
76 3
54 0
67 3
63 3
34 0
8 0
63 3
11 1
84 3
97 1
77 0
56 0
33 2
66 3
42 2
22 1
85 2
53 2
4 0
14 2
67 3
42 2
93 3
52 3
35 3
21 1
42 2
61 1
47 1
62 3
74 1
5 1
55 1
13 2
73 0
2 1
22 3
42 3
81 1
84 0
62 2
41 2
97 3
71 2
46 0
63 3
66 0
17 2
51 3
16 3
45 2
68 1
29 0
16 2
44 1
5 1
9 1
37 1
27 1
6 3
73 3
65 1
44 2
79 3
3 2
35 2
35 0
92 3
88 3
43 1
10 2
24 3
47 3
16 0
76 2
3 3
40 0
29 3
22 1
46 1
93 1
42 3
90 3
21 2
40 1
54 3
40 3
72 0
82 3
13 2
12 1
86 1
6 0
37 3
85 1
31 0
65 2
57 3
23 3
54 2
64 1
33 3
23 3
5 2
33 2
10 1
41 3
82 0
19 1
40 3
5 0
53 3
31 3
31 1
22 0
73 2
63 1
57 3
45 2
20 3
32 2
2 1
47 0
9 0
45 3
58 0
65 3
29 2
3 0
82 2
53 0
49 0
31 2
94 3
16 0
31 1
62 3
94 2
27 2
11 0
74 0
5 0
11 0
6 1
61 0
36 3
31 2
70 1
14 1
19 2
44 0
94 3
85 2
36 1
50 2
46 1
56 0
20 3
75 2
18 2
11 2
66 1
16 0
17 2
29 0
62 1
50 0
2 1
50 0
89 3
51 1
6 1
89 2
69 2
24 2
23 1
77 2
86 2
65 2
71 3
27 0
70 1
97 1
92 2
80 3
80 0
5 2
65 2
65 3
94 1
33 1
27 3
39 1
68 3
83 3
39 1
6 2
19 2
96 3
44 3
42 2
64 2
33 0
96 2
72 1
89 2
49 3
83 3
33 3
62 0
12 2
36 0
16 0
36 3
11 1
50 2
23 0
23 2
1 3
11 0
40 2
36 0
48 2
22 2
86 2
52 0
29 1
97 0
87 3
8 3
17 2
4 3
1 0
74 1
90 3
1 0
15 2
59 2
22 1
88 1
42 3
47 2
24 1
10 2
46 3
80 3
30 2
7 1
73 2
78 3
4 3
69 0
23 2
79 2
7 2
26 3
55 2
93 2
0 2
26 3
25 0
40 3
18 1
37 2
43 1
7 0
34 1
80 0
2 2
78 0
46 2
45 3
95 2
7 3
17 3
97 1
59 2
94 1
75 0
57 3
69 3
8 0
4 1
1 3
47 0
73 3
37 3
4 1
56 2
42 1
41 1
15 1
42 3
60 1
38 2
53 3
90 2
25 1
54 2
9 3
18 2
12 2
31 2
29 3
34 0
56 0
81 0
85 1
54 0
59 3
69 3
83 2
44 0
73 1
72 1
90 0
93 3
16 1
28 1
63 2
1 0
29 2
20 3
44 0
26 0
9 3
95 0
35 1
13 1
14 1
63 2
10 2
29 0
1 3
85 1
53 1
83 2
2 0
43 1
39 1
41 3
85 1
39 1
17 1
61 2
72 0
17 3
28 0
1 3
54 0
82 2
34 1
77 2
95 1
53 3
73 1
5 0
28 2
31 1
56 2
62 1
51 3
28 0
24 1
52 0
80 2
28 2
91 3
64 1
23 2
70 1
40 3
50 0
53 1
88 3
45 0
12 3
81 2
32 2
9 1
44 1
39 3
6 0
70 1
42 1
4 3
48 2
66 2
0 1
63 3
23 2
8 0
31 0
66 1
68 1
96 1
67 3
87 1
95 0
28 0
82 1
18 3
92 1
3 1
35 1
13 1
77 3
78 1
48 2
14 3
1 1
90 2
92 3
60 1
69 1
89 2
48 2
3 2
20 1
84 2
60 0
52 0
37 2
47 1
62 3
93 1
77 1
76 2
72 0
58 3
12 1
1 3
7 3
14 3
74 1
5 3
30 0
96 3
0 3
41 2
33 3
32 1
87 0
29 1
51 3
41 3
62 3
10 1
94 2
91 1
40 0
18 1
25 0
64 0
72 3
39 2
38 0
54 1
34 0
6 1
36 1
9 0
55 2
35 1
2 2
73 3
5 3
29 3
61 0
72 0
85 3
12 3
48 0
79 1
69 0
66 1
42 2
23 2
77 0
1 1
28 1
75 0
31 0
10 1
37 2
88 2
66 2
29 0
50 1
23 2
31 1
85 3
16 3
82 2
51 0
82 3
84 0
8 1
17 2
37 2
94 0
88 2
36 3
25 2
50 0
19 1
36 3
41 1
53 3
48 2
93 1
19 3
5 2
44 0
40 0
34 2
36 0
82 2
44 1
37 0
77 3
19 1
67 3
53 0
22 3
71 1
51 2
8 0
9 3
66 1
16 2
30 2
54 0
71 0
26 3
0 3
41 1
50 0
93 2
93 1
30 3
45 1
34 1
44 2
4 2
96 1
13 1
57 2
1 0
42 1
76 2
3 2
77 2
35 3
52 0
27 2
14 3
1 2
96 2
40 0
96 2
31 1
19 2
5 3
77 1
62 2
86 2
30 3
50 1
72 2
1 0
37 1
12 3
19 3
73 0
74 2
70 1
89 0
34 0
56 3
57 2
48 3
52 0
16 3
34 1
16 0
74 0
83 1
6 0
60 3
93 0
50 1
64 0
63 0
10 2
46 0
9 0
93 0
78 0
96 1
48 3
73 0
62 3
44 2
97 0
61 3
94 2
6 1
95 2
15 3
69 3
97 2
45 3
43 3
56 0
29 2
19 1
50 0
40 3
77 3
34 0
62 1
9 1
16 0
27 0
18 1
26 1
85 0
90 0
70 3
4 1
28 3
6 2
20 1
81 1
30 1
8 2
31 3
24 2
79 2
1 3
74 3
9 2
50 3
25 1
77 1
1 0
35 2
19 2
64 0
60 0
66 1
93 0
80 3
89 1
80 0
54 1
16 1
0 3
9 1
28 0
48 0
59 3
58 2
16 2
30 1
86 0
18 3
5 2
69 2
89 1
40 2
66 1
78 0
78 2
56 3
39 0
88 1
73 2
49 3
26 2
28 3
35 1
27 1
37 0
83 1
81 2
54 2
41 2
87 2
62 1
50 3
53 3
6 1
54 1
41 3
85 1
30 0
22 0
42 1
15 2
82 0
12 2
30 0
92 2
95 0
89 0
87 1
34 0
32 3
41 3
14 3
59 2
78 0
2 1
94 1
87 0
6 0
89 3
59 2
76 0
24 1
16 0
52 1
49 2
32 2
87 2
87 0
87 3
86 3
38 0
3 2
37 2
22 0
0 1
18 3
95 3
18 3
40 1
80 0
61 3
6 3
78 2
40 2
33 0
19 1
82 1
92 2
16 3
92 0
60 0
76 2
8 0
21 2
25 1
4 0
2 0
95 0
56 2
35 2
21 0
54 0
70 2
14 1
95 1
26 1
26 2
76 2
28 2
69 1
74 1
28 3
23 3
14 3
7 0
45 3
35 2
27 2
11 3
46 0
28 2
62 3
15 1
72 2
60 3
6 3
97 1
58 1
9 1
47 0
71 1
24 2
86 2
57 1
70 2
58 1
83 3
78 3
76 2
16 2
22 1
77 2
10 1
49 3
85 1
76 1
27 2
8 2
32 3
77 1
68 2
58 0
21 0
14 0
67 0
88 2
30 0
60 1
4 2
78 2
45 0
81 2
36 1
66 2
46 1
55 3
12 2
45 3
29 2
23 2
64 0
90 2
95 3
86 2
54 2
12 0
97 0
59 2
96 1
12 1
80 0
39 3
12 2
90 0
1 3
84 1
33 2
16 3
35 0
37 1
87 1
57 1
91 2
19 3
72 2
73 3
40 1
57 2
68 3
92 2
52 1
33 2
71 3
0 2
28 0
13 2
21 1
87 0
5 2
34 3
88 0
23 3
91 3
96 2
5 0
71 0
78 2
0 3
4 1
58 2
82 2
77 1
35 0
32 2
83 2
76 1
60 2
56 0
24 1
19 1
43 2
12 2
87 1
62 2
90 0
5 1
72 2
18 2
14 3
63 0
81 0
43 2
37 0
65 3
29 3
28 1
65 2
41 0
31 3
88 3
50 2
35 2
60 3
52 3
67 3
17 1
92 0
33 2
10 0
10 3
80 0
56 3
30 3
73 0
18 2
25 0
15 1
51 3
56 2
1 3
42 3
68 2
56 2
12 2
89 0
70 0
3 2
28 1
29 2
42 0
85 1
15 1
43 2
54 1
66 0
81 1
78 3
79 1
84 3
2 2
28 1
60 2
15 3
55 2
30 0
65 2
3 3
17 3
49 1
15 0
93 0
27 0
95 3
94 3
19 2
45 3
88 0
63 3
38 1
65 2
64 1
77 3
64 0
67 0
72 0
3 1
75 3
93 0
39 1
60 2
76 0
64 3
93 0
35 1
89 3
71 2
35 2
10 3
85 0
4 3
40 3
19 3
89 3
97 3
9 2
33 1
29 1
64 3
89 2
17 2
86 2
92 3
54 1
23 2
81 0
14 0
15 0
32 0
88 1
41 0
45 0
57 1
0 1
61 2
78 2
72 0
39 0
12 1
35 0
73 3
58 2
15 1
17 2
60 2
24 2
65 2
1 2
17 2
78 0
29 2
36 1
62 0
5 3
26 0
87 1
81 1
6 3
64 1
8 0
37 0
75 0
44 2
16 0
23 3
47 3
1 2
66 1
8 1
91 1
20 3
45 2
44 2
60 3
56 2
45 2
54 0
18 3
1 2
23 2
67 2
39 1
42 2
24 1
52 1
16 0
95 3
79 3
59 1
63 0
28 1
41 0
71 1
70 3
2 0
0 1
50 1
25 0
35 2
67 2
17 3
60 2
22 1
22 2
4 1
54 1
4 2
90 1
85 3
36 1
37 3
68 1
89 1
93 3
24 3
82 3
33 0
36 2
29 2
79 0
68 2
25 0
80 3
12 1
96 2
34 2
19 1
25 2
92 2
14 3
20 3
77 3
54 2
36 1
78 1
60 2
13 0
77 3
19 2
44 1
37 1
15 1
41 3
50 1
64 0
86 3
91 1
48 0
35 2
20 1
9 1
31 1
28 1
6 0
76 3
24 2
64 0
2 1
93 2
47 2
89 3
88 1
31 0
44 0
0 2
7 1
78 0
40 3
71 2
6 3
40 2
48 3
71 3
94 1
21 1
44 3
92 3
26 3
85 0
79 3
71 3
32 2
84 3
4 3
88 3
78 3
94 0
19 3
18 0
53 2
2 0
0 0
89 0
59 1
82 3
5 2
0 2
20 1
20 0
70 0
85 0
67 2
84 0
66 1
33 2
71 1
21 2
26 1
4 2
24 3
87 1
43 0
1 2
62 2
37 3
10 0
18 0
92 3
33 3
48 1
72 3
14 1
89 0
50 0
62 2
59 2
59 0
10 0
66 2
33 2
40 3
24 0
53 3
11 2
27 3
31 1
17 1
83 2
11 1
82 0
61 3
15 1
94 1
3 3
60 0
11 3
72 3
40 1
80 2
60 1
2 2
10 1
11 2
55 1
11 3
53 3
89 3
97 3
64 2
92 1
96 1
51 1
54 2
36 0
70 0
38 0
78 3
12 0
64 3
27 0
41 0
13 0
47 2
38 2
65 3
43 1
70 2
70 0
29 2
56 0
86 0
94 2
61 3
30 1
53 3
28 0
80 1
42 2
3 2
95 0
76 0
78 3
7 3
22 1
15 1
19 0
79 1
31 0
8 0
77 2
76 3
55 2
56 1
57 3
59 0
74 0
83 0
18 0
68 1
30 0
12 1
18 2
88 1
11 3
8 1
32 3
41 3
68 2
23 2
40 1
1 1
28 3
24 0
9 0
15 2
18 1
93 0
7 1
53 2
76 3
23 1
31 2
35 1
2 3
86 1
43 1
8 2
97 2
89 3
50 2
24 0
75 3
64 0
36 0
41 1
7 0
72 1
29 3
89 2
87 0
58 3
48 0
85 3
74 3
65 2
80 1
34 2
43 0
41 1
41 1
21 0
88 2
78 0
88 3
62 2
52 2
24 2
57 0
70 1
92 3
12 2
77 2
17 2
71 2
48 0
81 3
74 3
63 2
20 0
96 3
41 3
58 2
83 3
24 3
68 1
15 3
13 3
63 1
86 2
37 3
13 0
1 0
3 2
46 3
24 1
95 2
73 3
21 2
89 2
57 2
38 2
76 2
37 1
86 0
10 3
70 0
16 3
54 1
2 2
92 1
83 3
37 2
23 3
34 2
49 0
90 1
2 2
79 1
1 3
57 2
89 3
49 3
71 1
81 0
7 3
82 0
16 0
16 2
96 0
54 0
41 3
84 3
36 2
9 3
72 2
3 2
8 0
93 2
37 0
28 3
74 1
97 2
77 0
24 2
65 2
25 0
9 1
23 1
52 0
72 3
56 2
22 2
40 3
96 2
94 1
87 0
19 1
24 2
53 1
95 3
25 2
88 3
7 1
30 3
73 2
32 3
58 2
52 1
40 1
76 3
89 3
85 3
62 1
96 3
37 1
30 0
91 2
76 3
87 2
22 0
57 0
14 3
24 3
2 3
30 3
2 1
30 3
86 3
33 0
78 2
22 0
11 2
8 1
84 3
61 1
56 3
67 0
22 3
70 0
89 3
45 3
2 3
1 1
64 2
18 1
60 1
5 1
24 1
91 2
23 1
23 1
55 0
10 0
56 1
77 0
51 0
5 3
25 1
5 3
90 1
10 1
40 1
25 2
63 3
75 2
2 1
16 3
44 2
49 3
60 2
2 0
72 2
95 3
95 3
85 2
86 0
85 2
22 1
5 3
15 2
15 2
13 0
83 3
6 3
6 2
75 1
52 1
77 3
65 3
17 3
70 0
97 2
4 0
39 2
58 3
97 2
58 2
12 1
58 2
27 0
51 1
85 2
18 2
30 2
89 2
6 0
29 3
30 1
82 0
55 1
16 2
71 3
70 3
64 1
93 3
24 2
16 1
31 1
53 1
49 3
65 3
83 1
74 0
65 1
64 0
19 2
12 1
69 3
97 2
5 2
32 2
62 1
97 2
40 1
8 1
81 3
91 3
10 1
33 3
6 3
50 3
72 3
13 3
67 2
94 3
28 0
60 3
53 0
16 1
3 1
72 0
30 0
37 2
42 1
19 2
52 0
35 1
58 2
92 2
90 2
2 1
78 0
32 2
82 0
46 0
31 2
80 3
59 3
23 1
62 0
79 3
33 3
45 2
51 3
74 2
77 1
22 3
52 1
81 1
33 3
5 2
50 2
37 0
23 2
63 1
36 1
42 0
44 2
40 2
20 2
31 0
62 1
60 1
37 2
94 1
63 3
65 0
13 1
66 3
5 2
69 2
21 3
61 3
40 3
51 2
86 3
38 2
13 3
90 2
23 0
95 0
38 3
49 2
88 0
87 2
30 2
88 3
24 3
42 0
40 2
63 1
56 1
74 3
74 2
27 1
35 0
6 2
11 1
38 2
41 2
41 2
90 2
41 0
4 0
39 0
57 2
82 2
68 3
54 2
91 2
29 3
71 1
90 2
76 0
84 3
58 0
59 3
72 1
18 3
11 0
32 3
85 0
97 2
88 0
20 1
7 3
33 0
4 0
22 1
22 3
30 3
1 2
86 2
50 1
75 0
45 2
43 2
57 1
50 3
65 2
60 1
66 1
44 2
12 1
94 1
27 1
33 1
63 3
1 0
68 2
5 1
5 3
19 1
37 0
65 2
53 0
93 0
91 0
93 0
56 2
73 0
14 1
16 3
44 0
65 3
47 2
51 2
43 1
60 3
67 3
41 1
73 1
66 1
62 2
87 2
63 0
6 3
14 0
6 2
33 1
1 2
13 3
11 2
28 1
26 0
65 0
89 3
73 2
1 2
6 0
54 2
70 1
92 3
21 0
92 2
19 3
96 2
60 3
33 0
49 3
29 2
76 1
96 2
39 3
61 0
65 1
54 1
72 3
20 1
52 1
35 2
72 1
11 1
30 0
67 0
7 3
45 3
87 3
37 0
37 0
93 3
72 3
16 3
82 1
69 2
42 0
62 1
2 0
37 3
14 2
43 1
28 1
18 2
11 2
53 2
50 1
25 0
51 1
54 1
14 1
23 2
60 1
6 2
39 3
28 0
26 2
5 2
13 3
63 1
51 3
83 1
17 1
6 0
39 2
7 0
4 0
57 2
76 0
25 3
59 3
64 2
59 3
36 2
37 2
36 1
4 3
50 2
44 3
58 3
13 2
72 3
53 2
76 0
49 3
63 2
17 3
33 1
51 3
81 3
24 1
84 3
55 0
9 2
87 3
9 0
66 1
97 1
34 1
47 1
71 1
25 0
80 1
66 2
61 1
28 2
10 2
20 3
70 2
14 0
19 1
53 0
4 2
86 0
41 2
6 3
94 3
17 0
90 3
58 1
96 1
5 3
21 3
7 1
16 3
81 0
96 0
87 0
87 1
69 3
32 2
64 2
89 3
15 3
12 0
49 2
5 2
77 1
26 3
8 2
86 2
10 1
9 0
55 0
23 3
71 3
35 2
37 2
80 1
65 2
90 0
15 1
95 1
30 2
35 3
85 2
7 1
7 3
26 3
55 1
36 0
5 0
11 1
5 3
77 1
9 3
62 1
90 2
40 0
97 2
23 0
32 1
27 3
58 2
92 3
91 3
74 1
56 2
85 1
93 2
61 0
51 2
87 0
94 3
46 0
63 0
38 3
22 0
53 1
56 2
36 0
69 2
57 0
28 3
26 2
68 1
30 1
30 0
35 1
41 3
19 1
18 3
7 3
65 0
67 3
30 3
72 1
41 0
41 2
48 3
8 0
33 2
4 3
65 0
37 3
68 2
2 3
23 3
8 2
85 0
90 3
14 1
40 2
4 1
36 1
69 2
5 3
90 0
10 3
14 0
48 3
92 0
97 2
20 0
65 1
43 1
74 0
79 3
75 1
59 3
17 2
74 0
63 1
13 2
32 1
15 2
54 3
20 3
16 2
86 0
72 2
33 3
82 0
92 1
44 0
84 1
84 3
10 0
67 2
9 1
72 3
81 0
21 3
66 0
20 1
90 1
83 3
61 0
97 0
71 3
58 1
92 3
22 0
81 1
82 2
46 3
71 1
50 2
76 1
79 3
4 2
20 2
96 0
71 3
96 2
22 1
88 1
49 0
78 3
24 1
87 1
94 0
1 0
52 0
95 0
78 2
89 2
27 3
16 2
56 3
94 3
74 3
54 3
20 1
23 0
82 0
82 2
13 1
26 3
21 3
54 1
69 2
9 3
36 0
49 2
5 1
8 3
2 0
50 2
66 2
91 2
9 3
14 1
43 3
16 0
43 3
49 0
57 0
36 3
50 1
30 3
38 2
63 0
37 3
34 1
84 1
43 0
51 2
70 3
18 1
44 0
42 2
95 0
27 0
51 2
71 2
88 0
63 0
96 1
49 0
28 2
10 0
32 0
56 2
39 3
43 3
49 3
21 0
72 1
61 0
47 0
17 2
80 2
11 0
37 0
4 1
50 1
6 1
35 1
56 0
20 1
18 0
56 2
69 1
62 0
29 1
20 3
72 1
40 1
81 1
5 3
5 3
15 3
85 0
31 2
94 3
87 0
24 3
13 2
28 2
82 2
16 2
89 2
84 3
78 0
95 2
80 1
45 3
91 1
61 0
91 1
33 0
70 2
15 2
21 2
1 2
44 3
38 1
71 0
72 0
40 0
41 0
36 2
62 3
46 0
35 1
31 1
78 1
86 3
35 3
69 0
72 0
74 2
60 3
44 0
21 0
74 0
91 0
18 1
0 2
60 1
87 0
90 3
71 0
57 3
76 1
76 3
85 3
76 2
97 1
29 0
54 0
53 1
55 1
49 0
43 0
0 3
63 1
28 1
52 1
67 3
77 1
68 1
9 3
10 1
97 1
82 0
68 0
25 2
94 0
91 0
75 0
25 1
78 0
73 3
79 2
54 2
82 3
17 1
95 1
52 0
65 2
7 3
16 0
59 3
19 1
59 2
56 2
93 0
60 2
84 0
13 0
43 2
88 3
51 1
61 3
17 3
31 1
7 0
9 0
62 0
7 1
64 1
75 1
35 3
74 2
71 2
28 1
4 3
34 1
35 0
86 0
63 0
38 2
55 3
90 0
6 1
60 1
54 0
34 1
88 2
81 3
25 1
12 2
69 1
93 0
56 1
39 1
62 1
79 0
4 2
35 1
46 0
57 2
54 1
46 1
40 2
17 3
10 0
78 3
22 3
2 0
75 2
14 1
23 1
8 1
48 3
72 3
42 0
94 1
79 0
20 3
78 1
39 1
53 1
38 2
92 0
4 1
18 1
48 3
50 3
68 3
70 2
48 2
20 3
66 0
51 3
14 0
67 1
92 0
61 1
11 2
63 0
55 1
9 3
26 1
86 3
15 1
4 1
97 0
79 0
37 0
70 0
61 3
1 2
68 0
27 0
93 1
93 3
49 3
94 0
85 0
49 1
66 1
88 3
63 3
63 3
25 2
52 3
36 0
89 1
79 2
74 2
25 1
1 1
59 3
44 3
82 1
3 1
8 0
84 2
59 3
39 1
83 0
47 1
65 3
28 0
33 3
73 1
80 0
59 0
38 0
21 1
46 1
49 3
13 2
68 3
39 1
15 1
37 3
96 0
4 0
44 1
83 1
72 2
19 3
49 1
91 0
32 2
33 1
2 0
59 0
3 0
51 2
41 3
14 1
78 2
5 3
11 1
86 2
46 3
95 2
77 2
61 2
24 2
91 2
20 1
2 0
58 3
7 1
76 2
71 0
41 0
3 2
48 1
3 2
43 3
50 1
33 3
97 3
26 2
2 1
67 2
35 0
15 1
0 0
5 0
4 2
5 0
37 1
76 1
42 1
64 0
2 1
29 1
58 2
38 2
58 2
19 0
67 3
54 0
83 2
68 2
75 1
59 1
46 2
10 2
56 3
73 3
19 1
75 0
87 1
78 2
69 3
23 2
90 1
77 2
14 3
25 1
87 2
29 1
1 2
95 2
24 2
94 3
74 0
82 3
2 3
54 0
49 0
94 1
33 2
57 1
18 0
51 0
25 3
83 2
86 0
89 0
50 0
81 3
19 3
24 0
72 1
50 0
27 2
90 2
53 1
28 2
20 3
42 2
11 2
8 1
31 0
10 1
59 3
41 0
42 2
55 3
74 0
5 2
3 1
18 2
6 2
52 1
47 2
90 1
19 3
34 3
95 1
50 0
26 3
6 3
90 1
8 2
20 0
30 2
19 2
87 3
46 1
37 0
27 0
22 2
97 0
93 2
44 1
22 1
38 1
85 1
44 3
62 3
77 0
45 0
36 2
4 0
79 0
35 3
61 3
19 3
51 3
77 1
14 2
82 1
59 3
70 0
57 1
45 0
67 0
20 2
75 1
66 2
35 2
52 2
33 3
89 3
15 0
87 1
21 3
84 2
71 1
82 2
87 2
93 3
68 3
68 0
44 1
11 0
46 0
53 2
82 2
25 3
20 3
25 0
25 1
55 0
47 3
4 2
92 0
68 1
52 0
80 3
80 3
1 1
35 0
37 0
46 0
84 1
69 1
78 1
73 3
76 0
35 0
41 3
34 0
88 1
78 0
91 1
79 2
90 0
56 3
76 3
61 1
6 3
73 3
64 2
44 3
40 0
22 1
39 1
85 0
0 0
22 1
52 0
51 2
32 1
59 0
9 3
19 0
59 0
90 1
70 2
29 0
35 3
44 1
39 2
64 0
79 3
87 3
39 1
61 2
11 1
67 0
43 3
73 2
75 1
30 2
92 3
9 0
34 0
19 3
63 0
53 2
5 0
60 3
85 1
32 3
18 0
67 1
71 0
9 3
47 1
41 3
20 1
58 1
0 2
65 3
67 1
1 2
1 3
14 0
42 1
96 2
9 0
27 3
26 0
86 1
68 1
65 0
75 3
85 0
60 1
53 0
94 0
67 2
49 2
78 1
17 0
26 2
67 3
10 0
65 3
54 1
95 0
80 1
0 0
79 3
43 3
49 0
46 0
66 1
1 1
30 0
84 2
96 2
25 1
50 2
5 1
2 3
61 3
86 1
92 3
14 2
10 1
92 3
20 1
74 3
85 3
77 1
32 3
75 2
73 1
31 1
43 3
38 1
60 1
4 2
7 3
43 2
71 2
0 1
23 0
68 3
39 1
97 1
28 0
45 2
78 1
92 1
86 1
25 1
13 0
16 0
64 3
47 3
97 3
80 2
76 0
86 3
80 2
44 0
27 2
6 0
51 2
96 2
46 1
60 1
21 0
53 1
97 1
65 3
8 1
73 3
62 0
57 0
9 2
89 0
89 1
2 3
22 2
58 2
26 1
91 3
52 2
33 3
95 3
97 1
20 2
90 3
25 1
3 1
3 2
34 1
11 0
52 1
10 0
44 0
75 2
73 2
24 1
42 3
33 1
48 3
19 2
54 0
95 2
69 0
57 2
68 0
85 2
3 3
95 2
25 0
34 2
14 0
11 1
61 1
53 3
96 2
22 2
58 2
56 2
63 1
92 0
88 0
26 3
75 1
74 2
32 3
50 3
41 1
36 3
3 0
0 0
97 0
94 2
41 3
68 3
72 2
75 1
80 1
30 3
18 0
39 2
61 3
64 0
94 2
34 3
71 3
45 2
3 0
13 1
26 3
10 0
87 0
48 2
82 0
97 2
45 3
64 1
52 2
7 2
26 3
69 2
56 0
31 0
12 2
24 3
22 3
77 3
84 1
85 3
86 1
94 3
56 0
27 1
36 3
21 2
11 0
35 3
22 2
22 2
16 1
21 1
79 1
55 0
96 2
28 2
64 0
4 1
86 2
75 2
55 1
92 1
53 3
43 1
62 3
64 3
38 0
22 2
87 3
14 1
41 0
28 1
71 1
67 3
52 1
90 0
34 1
88 1
83 1
83 1
25 3
17 0
26 0
4 0
5 3
20 3
88 2
5 0
23 2
25 1
92 0
77 3
83 3
61 2
17 1
59 0
25 3
92 1
79 3
28 1
11 1
49 3
32 3
1 2
19 2
6 3
10 2
47 1
79 0
13 3
1 3
41 0
61 2
61 0
69 0
91 2
62 3
6 0
24 2
64 0
86 0
15 0
94 0
37 0
26 0
23 0
5 2
85 1
8 0
36 1
27 1
39 3
40 3
95 3
84 1
11 2
85 0
45 1
65 2
24 3
64 3
40 2
81 0
14 3
5 2
7 3
68 3
96 2
70 1
21 1
77 2
60 2
46 1
28 0
1 1
18 1
22 0
15 1
44 3
16 3
60 1
10 2
67 0
24 0
64 1
6 3
63 0
53 1
4 0
74 0
77 1
34 3
4 2
94 3
95 1
96 3
58 1
37 1
22 3
34 2
24 3
34 3
15 3
16 0
90 3
7 1
84 2
95 0
56 2
36 2
51 0
73 3
47 0
9 2
12 0
26 3
62 2
64 3
66 1
95 0
89 3
75 3
66 2
52 3
62 2
35 3
97 2
82 1
85 3
77 2
95 0
58 3
91 1
17 3
57 3
45 1
36 2
14 1
96 0
11 1
91 1
67 2
52 3
57 0
53 1
47 0
26 0
70 0
64 3
46 2
86 3
0 2
0 0
29 3
58 2
71 3
76 2
79 1
20 3
87 3
14 2
37 2
17 2
54 2
71 0
33 0
17 1
79 2
83 3
58 1
15 0
66 1
16 1
20 0
81 1
12 0
56 2
50 0
56 0
25 2
33 3
94 1
41 3
34 0
31 1
67 1
78 1
33 2
54 1
23 1
27 3
60 1
38 1
72 0
51 2
78 1
39 0
59 3
6 1
36 3
51 0
35 3
19 2
3 1
8 3
17 3
46 0
72 1
39 2
27 3
33 0
21 2
1 1
66 2
95 1
93 2
31 1
86 2
19 1
73 3
71 3
62 1
77 2
50 2
30 0
75 1
83 3
47 2
3 3
2 3
65 2
68 1
84 0
8 2
18 1
74 1
59 3
24 2
8 1
65 1
86 0
22 3
77 0
71 0
19 2
97 0
27 0
61 0
21 1
31 0
95 2
87 3
88 2
96 3
31 3
42 3
61 0
76 2
52 3
63 0
37 1
37 2
69 2
63 2
4 1
78 3
53 3
74 1
58 2
46 1
92 2
65 0
87 2
74 1
15 2
47 0
72 3
0 1
26 3
6 2
11 3
96 0
53 2
24 2
51 3
93 2
4 1
38 0
58 2
34 0
85 2
89 2
0 3
38 0
24 0
32 0
51 2
77 0
29 1
52 2
41 3
22 1
85 0
67 2
44 1
89 1
55 3
93 0
95 3
97 3
10 2
4 2
61 1
14 3
18 3
36 0
84 0
3 0
82 0
63 2
5 2
84 1
48 0
14 0
43 3
32 0
55 0
29 3
54 3
88 3
71 2
33 0
40 2
82 1
85 2
97 3
23 3
56 2
63 2
80 3
82 2
96 3
10 1
53 3
94 3
18 2
80 2
37 3
46 3
21 1
25 3
12 1
51 3
78 1
53 1
65 1
70 2
48 0
85 3
79 3
3 3
18 2
82 3
77 3
28 2
75 0
38 0
20 0
51 1
44 0
96 1
67 3
89 1
62 1
72 0
16 3
94 0
63 0
47 0
65 0
23 2
38 3
78 1
83 0
66 0
79 1
22 0
52 2
9 3
44 1
88 2
27 2
25 1
22 1
2 2
63 1
56 1
86 0
58 1
74 2
1 3
48 2
90 3
61 3
45 1
27 3
71 0
82 1
70 3
9 0
57 2
75 3
2 3
14 0
73 1
22 1
76 0
6 0
95 0
62 1
27 0
41 0
95 1
20 0
58 1
67 3
21 1
51 2
60 3
48 0
28 1
38 0
97 3
60 3
47 0
36 3
19 1
7 1
45 0
97 2
68 2
36 2
68 3
74 3
92 2
73 3
5 2
39 2
26 0
55 3
32 1
72 1
13 0
26 3
52 3
42 1
65 3
22 2
53 0
83 1
80 0
12 0
76 0
93 3
83 1
66 1
32 1
75 2
41 2
38 1
94 3
7 1
48 3
75 3
38 1
47 3
73 0
80 1
52 2
32 1
25 0
65 0
73 2
27 1
49 1
39 3
88 0
5 3
45 1
42 2
53 1
24 3
89 1
59 0
63 3
41 3
45 1
95 3
39 2
61 2
73 1
35 2
61 1
37 0
30 0
29 1
45 1
26 0
32 2
63 0
34 0
64 2
2 0
33 1
74 2
8 1
81 0
92 3
22 1
81 2
48 0
22 3
44 3
17 1
44 0
92 1
73 2
86 1
91 2
48 0
14 3
85 2
33 0
87 2
73 3
33 0
12 2
62 3
68 2
63 3
18 1
92 1
31 1
19 2
67 0
22 3
62 3
36 1
34 1
89 0
72 2
8 3
6 3
9 0
72 1
41 2
85 0
52 0
11 2
80 2
5 1
34 2
32 3
15 3
4 0
15 3
78 0
63 3
1 1
78 0
30 2
78 3
78 1
85 0
36 0
2 3
83 0
44 0
16 1
69 2
50 2
61 3
22 0
91 0
3 2
88 1
9 3
47 1
36 2
45 0
49 3
22 0
94 2
62 2
6 3
2 1
29 0
11 1
66 3
78 0
72 1
80 1
76 1
41 1
30 1
88 0
70 2
67 0
71 3
56 3
10 2
5 0
55 3
33 1
28 1
85 3
3 3
18 3
24 3
46 2
47 1
36 3
47 0
16 0
81 0
42 1
93 1
53 0
94 1
93 0
66 2
73 1
81 0
65 3
69 0
67 2
40 1
35 0
80 0
85 2
71 2
84 2
80 0
67 1
75 3
5 2
11 0
33 1
38 2
49 3
19 1
44 3
97 2
95 3
12 3
93 3
36 1
47 1
2 1
84 3
71 1
57 2
59 0
50 0
27 3
32 3
5 3
47 3
43 1
34 1
21 2
57 3
86 2
92 2
18 3
13 2
85 0
42 1
75 2
88 2
93 1
63 1
44 1
22 0
92 1
88 1
47 1
8 3
47 0
25 3
72 3
74 2
95 1
43 3
14 2
60 0
42 1
27 0
46 3
77 1
23 3
64 2
92 0
76 2
63 3
22 1
85 1
48 3
35 1
35 2
31 2
94 1
47 0
47 2
15 3
94 0
59 1
93 2
44 3
90 3
84 0
5 3
8 0
45 1
9 2
94 3
1 2
47 1
36 3
57 1
27 0
36 2
8 1
63 1
7 1
9 1
92 1
60 2
74 3
47 1
47 3
68 3
90 2
30 0
69 2
21 2
95 3
93 1
96 2
48 3
88 2
91 2
48 2
64 0
71 3
10 1
97 1
71 0
26 3
73 0
78 2
29 1
22 1
56 2
16 0
15 2
83 2
2 3
54 0
75 0
15 1
39 3
36 1
18 3
50 1
37 2
55 0
52 0
74 2
49 3
1 1
34 2
13 0
9 3
81 2
75 3
37 1
85 2
23 3
35 2
2 2
12 2
54 2
19 0
48 0
43 0
7 1
11 2
51 3
20 3
37 1
77 0
38 2
15 2
93 1
34 0
78 1
33 2
67 3
34 3
45 0
60 0
80 2
28 2
48 3
18 2
94 0
25 2
37 1
3 1
32 3
11 3
78 2
20 3
76 1
50 2
37 2
25 3
52 1
41 1
97 1
10 0
75 2
81 1
57 1
69 0
6 1
31 1
54 3
3 2
52 0
16 0
22 3
3 1
24 0
53 2
39 1
49 3
36 3
9 0
47 1
81 3
47 0
95 2
54 0
77 2
16 2
58 2
97 0
65 1
4 3
71 2
23 3
54 0
53 1
69 1
97 2
60 3
30 1
26 0
16 3
22 0
67 3
88 0
72 2
81 3
14 1
52 1
35 1
80 2
35 2
63 3
40 0
18 0
30 2
7 0
48 3
90 1
79 3
42 3
87 3
42 1
61 2
17 3
10 3
41 0
97 1
54 0
14 3
96 0
12 1
80 3
84 2
93 0
70 2
49 1
90 0
59 0
9 1
86 2
39 2
1 3
32 2
14 1
25 3
53 0
74 1
26 0
55 3
31 3
74 1
33 0
25 0
14 1
11 3
21 3
26 2
92 1
49 0
84 1
28 1
70 0
45 0
29 3
28 0
63 2
8 0
40 1
11 0
57 1
43 3
62 1
95 0
52 3
56 1
30 2
17 3
12 2
86 3
44 0
50 3
34 3
36 3
60 2
71 3
65 2
79 0
19 3
67 2
4 2
15 3
68 1
36 0
17 0
43 1
79 0
94 0
28 1
43 1
6 0
63 1
53 3
60 0
58 2
96 2
27 3
0 1
74 3
4 1
27 2
54 0
42 1
75 2
2 2
7 3
58 3
83 1
56 0
27 0
39 2
84 3
89 1
17 1
60 3
74 0
97 2
11 3
92 1
3 3
82 0
44 1
42 1
47 3
58 3
25 3
38 2
2 2
17 3
12 3
36 3
58 3
41 3
57 0
36 1
56 2
8 3
43 0
48 1
2 0
47 2
18 3
16 3
45 3
71 0
34 0
40 0
37 1
83 0
91 0
17 2
72 2
65 1
43 0
29 1
41 1
49 3
10 0
75 3
13 3
84 1
65 2
63 0
8 3
1 1
14 3
59 3
13 2
12 3
31 1
42 3
3 0
95 0
51 3
64 3
56 2
62 2
21 1
30 1
86 0
16 0
71 1
56 2
16 1
51 0
14 2
38 0
87 3
15 1
88 0
48 2
69 0
33 2
25 3
43 1
79 1
29 2
10 3
87 3
41 0
68 1
62 3
26 1
13 2
88 1
41 2
61 3
64 1
60 1
83 2
80 0
54 3
84 3
50 1
94 0
8 3
40 1
33 1
3 0
51 2
78 1
3 2
91 0
61 3
36 1
60 2
32 2
93 3
84 0
93 1
18 3
17 0
53 2
97 3
73 1
10 0
83 2
97 2
78 2
10 2
27 1
53 3
75 3
10 1
5 0
51 1
30 3
54 1
73 3
4 2
27 1
78 3
42 0
87 1
2 3
65 3
67 1
68 2
68 2
61 3
42 1
75 2
30 2
52 1
23 0
70 3
78 0
67 1
19 3
45 1
93 2
76 0
78 3
30 0
62 3
56 0
46 3
69 0
54 2
24 1
5 2
48 3
12 1
74 3
8 1
70 1
66 1
9 1
97 1
88 2
4 2
36 1
61 0
1 2
94 1
88 3
6 3
86 1
30 0
59 1
28 0
94 1
74 0
24 3
55 2
36 3
37 3
39 1
39 3
94 0
91 1
34 3
85 3
46 2
12 3
74 1
9 3
72 2
22 0
28 2
80 1
6 2
35 0
78 2
36 1
5 3
60 1
21 2
80 0
28 3
11 1
15 1
46 0
61 0
77 2
87 3
2 3
46 3
7 3
18 0
8 2
24 1
39 2
45 1
33 3
31 3
97 2
44 2
72 2
96 1
43 1
39 2
70 1
89 2
90 2
69 1
48 3
47 0
27 3
14 3
54 3
19 0
40 3
3 0
52 1
59 1
1 1
45 0
25 1
92 3
69 0
54 3
79 1
4 1
65 2
86 3
74 2
0 1
49 1
68 2
82 1
27 2
33 3
25 3
85 1
40 0
76 0
39 1
62 2
1 0
9 3
51 2
57 1
61 1
92 2
65 1
70 0
16 2
0 1
1 1
41 1
72 3
79 0
49 2
60 2
51 2
24 2
6 2
32 2
0 3
65 3
96 3
82 0
23 0
9 2
73 1
27 0
27 3
10 0
13 3
74 3
72 0
50 1
45 2
60 3
43 0
81 0
88 1
89 1
35 3
2 1
92 0
31 0
46 2
95 0
12 0
48 2
84 1
11 1
35 2
83 1
49 0
49 2
63 2
90 1
6 2
62 1
15 0
70 3
47 1
72 2
38 2
19 2
37 1
42 3
49 1
69 1
96 1
68 1
29 3
32 1
45 1
32 1
33 1
91 1
75 3
64 3
60 2
22 2
30 2
70 3
63 0
44 1
13 0
49 0
69 2
69 3
35 2
68 1
66 2
79 0
97 1
5 0
65 2
33 1
61 0
22 0
12 1
66 1
44 2
44 0
77 2
60 1
54 1
95 3
87 3
10 0
31 0
36 3
60 0
40 3
81 3
22 2
27 2
82 2
66 0
4 2
53 0
74 2
40 2
77 1
51 2
70 3
62 0
86 0
18 3
48 1
63 0
86 2
43 3
36 1
24 3
52 0
53 3
61 3
44 2
58 0
16 1
24 3
72 0
29 2
33 2
79 0
81 1
54 1
36 0
89 0
74 0
50 2
29 2
93 1
41 0
51 2
40 3
83 3
41 0
83 0
15 2
84 3
89 2
13 3
74 0
19 2
31 3
37 1
8 2
27 2
35 0
94 0
74 0
81 1
38 2
75 1
85 2
52 2
62 2
80 3
68 2
11 0
93 2
84 1
95 1
56 3
33 2
26 3
77 2
15 1
67 0
6 0
7 1
23 3
42 0
53 3
65 0
74 2
13 0
58 2
93 0
3 2
85 3
47 1
25 3
82 2
32 1
5 1
76 2
77 3
41 2
84 2
64 0
78 3
85 2
71 3
60 0
23 1
65 1
25 1
53 0
41 3
82 0
56 0
93 1
92 2
48 1
11 1
48 3
69 2
33 0
11 2
9 1
4 0
80 0
76 0
11 3
80 1
67 3
13 3
9 3
91 0
53 1
20 0
48 1
28 2
7 1
92 2
11 3
94 0
36 3
41 0
18 3
68 0
78 0
84 0
52 3
97 1
79 2
2 3
50 2
23 2
30 1
71 2
83 3
26 3
47 0
29 3
4 2
89 2
47 1
55 1
49 0
38 2
95 2
43 3
67 3
90 3
22 1
96 3
74 3
88 1
82 0
75 2
15 1
80 3
4 2
33 1
33 3
22 2
8 3
45 1
90 0
91 0
46 1
60 2
16 0
96 1
14 3
57 3
61 2
69 3
18 0
78 2
14 0
31 1
17 2
90 2
28 3
43 1
82 0
0 0
64 1
30 3
47 0
20 2
42 3
68 0
0 3
23 3
67 2
94 2
52 1
73 0
82 0
58 2
57 2
50 0
44 0
26 1
50 1
86 0
51 2
28 0
88 2
78 2
29 1
51 2
88 3
40 0
12 1
53 3
54 3
84 0
52 0
31 2
47 3
50 1
60 3
5 3
6 0
43 0
61 3
12 0
43 1
59 2
96 1
91 1
33 3
50 2
14 3
15 0
64 1
23 1
55 1
79 2
45 1
36 1
64 0
62 0
5 3
27 3
14 1
34 0
19 2
19 3
2 2
65 0
71 0
97 1
29 2
16 1
32 3
87 0
23 0
34 2
74 0
25 1
89 3
9 3
80 1
90 1
74 2
19 2
68 3
39 2
54 3
2 3
78 0
94 1
69 3
45 1
55 1
24 3
17 1
61 0
83 1
41 0
16 2
31 2
62 2
90 2
33 3
37 1
62 1
42 2
97 1
82 1
34 3
43 0
66 1
65 1
93 3
49 1
44 2
49 0
56 3
94 0
24 3
42 3
89 3
84 2
65 1
21 0
47 2
11 0
94 3
23 1
60 2
71 0
28 0
40 1
72 1
27 1
78 3
85 1
59 2
86 3
24 2
58 1
56 3
63 3
37 0
14 3
57 1
66 2
65 3
38 3
66 0
27 0
42 3
89 2
52 2
2 0
52 3
86 1
44 1
49 2
60 1
70 3
54 3
86 3
18 1
19 2
64 1
95 0
61 2
40 1
19 2
7 3
81 1
50 2
12 2
71 1
18 0
28 0
73 1
87 3
8 0
65 3
30 1
96 0
60 2
63 1
30 2
79 3
58 1
22 0
90 1
12 1
96 0
83 3
12 2
0 3
83 2
35 3
4 1
36 3
49 0
11 3
2 3
94 3
79 2
30 3
22 0
48 3
84 1
76 2
73 0
60 1
79 3
19 1
11 3
56 2
84 3
64 3
12 2
42 3
16 3
76 1
6 0
20 1
97 0
79 1
80 0
38 0
29 1
74 3
44 2
81 1
20 0
22 0
24 1
2 0
58 1
80 3
7 3
27 1
45 1
89 3
96 0
22 0
60 1
42 2
67 3
13 3
71 3
64 0
62 0
55 3
92 3
57 0
60 1
28 1
1 2
45 0
59 1
47 0
82 2
61 0
40 3
39 2
84 1
50 2
0 3
29 3
20 3
56 2
5 1
71 0
41 0
65 0
26 0
28 0
84 1
33 3
65 3
74 1
71 3
52 1
8 2
90 1
84 0
78 2
88 1
20 1
22 0
26 1
7 1
74 3
82 2
47 0
56 0
61 3
23 1
5 1
82 3
44 3
43 0
9 3
63 0
25 3
9 1
3 0
33 0
10 2
32 0
96 3
91 0
80 0
22 0
15 3
5 1
39 1
17 1
53 1
7 2
32 3
85 1
66 1
71 0
83 1
30 1
93 3
4 0
24 0
82 3
95 3
39 2
57 3
73 0
0 3
59 0
31 1
21 1
70 1
77 3
95 3
73 2
72 2
89 3
49 0
52 0
83 2
72 0
21 3
77 0
9 3
57 3
7 2
73 0
92 0
42 0
79 0
65 0
81 0
95 0
77 1
79 3
91 3
84 1
81 2
37 1
9 1
88 0
42 3
50 3
0 0
77 2
7 3
56 0
34 3
92 2
50 0
38 2
65 2
41 3
8 0
38 2
3 2
32 1
58 2
10 2
63 0
11 3
41 3
53 3
73 3
49 0
36 1
22 0
15 1
89 1
83 1
56 1
69 3
76 1
24 1
39 0
38 1
46 1
96 0
42 1
37 3
67 2
37 3
27 3
48 0
54 0
82 1
24 1
10 2
41 1
8 0
66 0
30 1
30 3
67 1
21 2
0 1
14 3
32 2
30 1
38 3
88 0
95 3
11 3
30 1
15 0
91 3
31 1
85 1
65 1
75 3
36 2
20 3
12 2
74 1
27 3
8 3
84 1
95 3
0 0
54 3
2 3
21 0
87 1
94 1
18 1
91 1
20 1
20 1
70 2
59 2
1 3
71 3
61 0
56 2
58 1
80 2
34 0
52 3
93 0
94 2
15 0
97 0
23 3
20 0
26 1
58 1
72 1
78 0
18 0
90 0
10 0
72 1
4 1
4 0
14 3
21 0
84 3
42 1
16 0
2 3
4 0
3 2
95 1
47 2
88 2
50 0
28 0
95 1
23 2
88 1
65 0
27 0
53 2
48 0
44 2
48 0
48 0
27 0
41 0
69 0
87 2
31 3
7 0
74 2
7 3
4 3
88 3
63 2
6 0
93 2
47 0
97 0
53 1
52 1
78 2
89 1
33 0
45 0
71 0
66 3
77 1
12 3
19 0
17 1
32 1
14 3
13 3
7 1
94 0
79 2
44 3
70 2
61 2
66 1
42 3
15 0
78 0
7 2
50 1
55 2
62 3
97 3
43 1
80 0
92 1
42 0
93 3
18 3
48 3
56 0
66 1
24 2
85 3
86 2
89 3
76 1
22 2
70 0
74 1
34 0
69 1
53 0
23 3
11 2
4 1
13 3
44 3
29 1
0 3
81 1
15 2
95 2
60 1
70 2
71 3
45 2
14 1
94 3
97 1
82 3
14 2
26 1
9 2
93 0
36 0
87 2
33 2
19 0
0 0
20 1
33 0
33 2
88 2
84 0
34 0
21 2
70 2
67 3
16 3
59 2
26 1
62 1
56 0
65 0
10 3
0 1
68 1
75 0
82 0
16 1
79 3
12 1
58 1
61 1
51 0
79 0
49 1
77 3
8 0
19 0
34 0
12 0
43 0
51 0
95 3
40 0
87 1
31 2
33 0
70 0
27 2
82 0
9 1
27 3
9 3
44 1
57 0
13 3
17 1
78 1
97 0
44 0
59 1
55 3
27 1
75 2
17 3
84 3
74 1
24 1
27 0
13 1
58 0
91 3
71 2
1 1
20 0
89 1
67 3
8 2
41 0
74 0
33 2
49 2
23 3
36 3
13 1
86 1
91 1
63 2
90 2
14 2
90 3
97 1
23 2
94 2
40 0
3 0
36 2
39 1
37 2
5 1
61 3
38 1
62 1
33 3
21 3
50 2
83 3
14 3
71 1
48 3
94 3
88 3
27 2
47 0
62 3
69 2
81 0
60 3
2 1
49 1
28 2
83 1
58 3
79 3
83 1
56 0
4 2
12 0
48 1
9 2
18 1
92 3
4 1
12 0
52 2
53 1
46 0
91 0
56 2
10 1
58 0
68 0
84 3
96 1
82 3
13 2
26 3
10 3
23 2
52 0
65 2
57 3
57 1
19 1
55 2
13 3
67 1
51 3
63 3
76 0
5 2
58 0
94 2
51 3
62 2
29 3
79 0
19 3
42 1
15 1
85 0
61 3
79 0
20 2
75 1
33 3
83 1
52 0
64 1
31 3
33 2
54 1
28 2
8 3
32 1
13 0
44 2
53 2
16 0
84 2
83 3
1 3
49 2
9 0
69 1
52 3
47 2
96 2
85 2
42 0
56 1
47 3
48 0
79 2
35 0
67 1
83 0
6 3
78 3
20 0
57 0
65 3
83 1
4 2
25 2
52 0
28 0
4 3
91 2
47 2
88 3
22 3
77 2
28 1
7 2
48 2
11 2
9 2
57 3
81 0
16 0
28 2
15 1
3 1
11 3
96 1
83 3
72 1
42 3
11 2
46 3
40 2
26 0
49 3
32 3
48 3
62 2
45 3
20 3
45 3
79 1
92 3
5 0
3 1
85 3
85 0
11 0
67 3
30 2
53 1
31 0
73 2
76 1
76 1
50 1
44 2
66 1
38 0
54 1
55 1
2 1
32 1
83 0
79 3
44 0
38 1
88 2
46 3
7 1
43 1
78 1
11 2
57 2
41 2
83 3
90 0
11 2
60 2
96 3
9 3
54 1
90 1
55 3
4 0
63 1
10 1
75 1
4 3
7 1
45 2
15 2
30 3
45 0
67 1
39 3
37 0
82 1
86 1
6 0
29 3
82 1
90 0
72 2
83 1
97 3
31 1
19 2
66 3
55 0
21 3
70 2
59 2
28 2
32 2
77 1
21 1
61 3
55 2
84 3
20 1
52 0
51 3
39 2
15 3
6 2
73 1
31 2
78 3
44 3
77 1
67 3
66 2
72 3
82 3
38 1
24 3
42 0
49 2
66 2
13 2
15 0
50 0
41 3
34 3
36 1
11 3
50 0
89 1
87 3
41 1
1 2
35 2
22 0
59 0
61 2
2 3
81 0
43 1
54 3
60 0
89 0
2 2
91 2
39 0
70 1
59 3
53 3
10 0
88 0
69 3
94 0
17 1
20 3
20 3
61 3
39 1
40 2
34 0
96 2
56 3
85 2
69 1
89 3
14 2
39 1
36 0
86 1
58 3
48 0
36 2
94 0
69 3
93 1
21 1
15 3
93 1
57 2
53 2
50 1
59 0
76 1
33 3
72 0
97 0
3 0
9 3
31 3
59 1
25 0
8 2
96 3
43 1
31 0
24 3
33 2
43 1
87 3
19 3
9 2
39 3
12 1
92 1
33 2
75 3
31 1
51 3
60 2
71 1
48 0
86 1
12 1
7 2
32 1
18 0
81 2
16 3
24 0
4 1
27 1
38 2
52 0
81 0
14 2
60 2
94 0
34 1
16 1
52 1
10 0
44 3
13 1
62 2
66 3
40 0
70 0
31 3
57 0
88 2
69 0
73 2
52 3
49 1
23 3
58 1
52 3
0 2
67 1
30 1
19 2
20 2
21 3
75 3
20 2
31 2
90 3
96 3
43 3
27 0
12 2
76 1
69 0
52 0
13 0
83 1
28 3
36 0
85 3
26 1
34 1
5 3
29 0
45 0
75 0
60 1
48 1
80 2
11 2
47 0
12 0
51 3
33 1
30 1
62 3
97 1
77 2
77 2
25 2
54 2
36 3
79 0
46 3
72 1
3 0
73 0
11 1
87 0
80 2
1 0
34 1
39 0
60 2
85 1
76 0
57 3
55 3
49 2
85 1
87 1
57 1
88 2
72 2
94 1
30 0
45 2
28 0
78 1
18 1
71 1
96 0
30 1
1 1
45 0
17 0
72 1
80 0
79 2
83 1
3 3
47 1
82 0
84 2
92 1
30 3
92 1
60 2
57 1
97 0
87 3
93 2
36 2
59 0
1 2
89 3
7 2
41 2
89 1
12 2
27 1
25 1
87 0
6 3
29 2
25 3
43 1
25 1
13 2
48 3
32 2
78 1
94 0
90 3
7 0
21 3
5 1
2 2
48 3
58 1
50 0
88 3
86 3
21 1
79 1
94 0
94 3
77 1
28 2
11 0
7 1
52 0
66 3
50 3
65 0
8 2
97 3
91 0
54 0
0 0
63 3
0 1
70 2
84 1
46 3
41 1
23 3
15 2
35 2
65 3
5 1
75 1
5 3
84 2
10 0
7 1
79 0
80 0
89 3
71 0
33 2
7 3
46 0
49 1
94 3
73 1
2 2
64 2
83 0
15 2
85 2
64 2
68 0
83 1
47 3
28 2
51 3
22 0
45 3
83 3
72 0
57 3
19 3
36 0
71 2
43 2
10 0
77 3
29 2
19 1
68 2
24 0
45 3
73 1
12 2
11 1
79 1
92 0
78 2
74 3
21 2
77 2
4 0
2 1
12 0
66 0
77 3
2 3
97 0
36 3
75 0
58 0
90 0
12 0
8 0
18 3
17 3
74 0
61 3
11 0
62 0
74 3
35 1
59 0
90 0
0 3
13 3
3 3
2 2
37 1
40 0
52 3
22 0
57 0
37 1
14 3
78 2
32 2
52 1
82 0
17 0
38 1
97 3
24 2
33 1
79 0
22 2
26 0
79 2
6 3
65 1
16 1
82 3
11 1
82 1
6 3
81 1
69 2
47 2
81 2
31 1
55 3
15 0
29 1
62 1
38 0
22 1
69 0
42 3
60 1
16 0
81 3
20 0
26 3
4 1
62 2
72 2
55 0
54 0
1 2
43 3
86 3
23 2
93 3
10 3
92 1
19 1
58 3
81 3
52 1
16 2
63 2
66 1
86 1
96 3
7 3
62 3
60 2
47 2
78 2
79 0
38 0
20 1
38 2
90 1
36 2
42 2
1 3
82 0
63 0
37 3
90 3
62 3
77 1
0 0
53 1
20 1
78 3
80 0
44 3
47 1
62 3
44 1
35 0
74 2
41 1
48 0
58 0
88 0
21 3
55 0
71 0
8 2
63 1
84 1
68 3
36 1
30 1
42 2
88 1
94 2
12 1
57 1
58 0
85 2
56 1
7 0
17 0
13 0
1 1
46 1
96 2
3 2
29 1
85 3
62 2
36 0
11 2
76 3
32 2
24 1
75 0
90 1
68 1
38 2
28 1
47 3
82 2
67 1
59 3
15 0
32 1
89 2
81 3
36 2
74 2
49 1
28 1
24 2
84 1
73 3
33 0
91 2
25 1
84 2
37 3
75 3
25 0
78 2
59 0
8 1
77 0
52 1
58 3
70 1
79 3
3 2
0 1
11 0
60 1
83 2
43 3
25 3
38 3
24 2
1 2
13 3
40 3
63 0
56 0
0 3
0 1
81 1
91 3
81 1
21 3
30 2
2 1
10 1
36 2
43 0
38 0
67 3
84 3
62 2
27 0
48 2
3 2
35 3
2 0
71 1
39 2
74 2
60 3
12 0
38 0
80 2
91 0
85 1
18 2
43 3
62 1
36 1
61 1
81 0
87 0
36 3
42 0
97 0
88 0
97 0
8 3
87 1
76 2
94 1
91 0
75 2
36 0
32 0
14 0
23 2
84 0
37 2
0 3
75 3
35 3
40 1
17 2
21 1
61 0
70 3
75 2
20 0
55 3
80 1
73 3
10 1
59 0
9 2
83 3
43 1
76 0
26 3
17 0
91 2
42 1
51 1
84 2
68 3
23 1
21 2
85 1
8 3
62 1
34 1
34 3
34 0
85 0
13 2
56 0
72 0
90 0
41 0
2 3
45 1
39 2
54 3
1 0
60 0
82 0
60 2
17 3
3 2
10 2
46 3
86 3
90 1
63 1
88 3
93 0
21 0
94 1
20 3
24 2
47 0
93 2
48 2
25 3
48 1
39 1
88 1
11 2
17 0
94 3
84 0
29 0
49 0
79 3
52 2
18 2
31 2
27 0
64 1
73 2
58 3
70 2
53 1
49 3
87 1
28 1
96 2
16 3
43 3
15 3
80 0
3 0
89 0
10 1
14 3
3 2
82 1
44 2
97 1
24 2
21 3
89 0
81 3
39 2
96 0
6 0
35 0
46 3
86 0
33 3
13 0
5 2
38 1
86 0
31 0
75 0
12 1
31 2
5 3
22 2
62 0
29 1
64 2
66 0
56 2
86 1
20 0
94 3
13 0
27 2
3 1
32 3
28 2
97 2
26 1
75 3
36 3
20 3
74 2
95 0
40 3
39 0
5 2
29 2
39 3
20 3
55 0
50 1
95 0
0 0
32 0
70 0
50 1
91 1
12 0
26 0
4 3
29 3
54 0
46 0
29 1
63 0
8 0
93 2
37 1
14 2
8 3
3 1
8 2
27 1
2 1
39 2
40 3
8 1
68 3
92 0
14 2
88 2
77 2
35 0
50 0
68 3
27 2
8 0
70 3
97 3
55 3
53 1
86 2
72 1
8 1
86 1
45 3
23 3
47 3
75 0
53 0
66 0
61 3
62 2
9 2
89 2
62 1
5 2
43 1
22 0
13 2
31 1
49 1
42 3
70 1
29 3
21 1
94 2
66 3
75 0
70 2
75 3
57 1
94 0
71 3
13 2
31 3
20 0
61 3
11 2
21 3
11 3
11 1
97 1
78 2
60 3
39 1
93 0
2 3
72 0
26 2
13 1
54 0
24 0
39 2
3 2
75 0
26 1
94 2
8 2
56 0
90 0
27 3
48 3
59 0
43 3
3 1
96 2
79 1
50 2
57 1
58 0
72 0
36 1
79 0
29 1
2 2
49 3
46 3
17 3
85 1
34 3
0 2
61 1
8 0
51 0
27 2
39 2
18 1
60 0
3 0
0 0
40 2
82 3
97 1
55 1
95 1
97 1
94 2
0 1
97 2
78 2
23 1
42 0
78 3
36 2
5 3
44 1
13 0
42 0
12 0
29 0
24 2
19 2
5 0
29 0
0 1
3 2
56 0
80 1
57 3
31 0
60 2
38 3
41 3
38 2
68 1
20 0
82 3
76 2
27 1
11 2
1 0
39 3
63 2
16 2
88 3
84 0
0 0
45 3
58 1
80 3
5 1
61 0
26 0
91 3
83 3
5 0
89 1
23 0
34 3
92 0
40 2
61 2
5 1
47 3
