1000
134 3
653 3
203 1
62 0
437 3
646 1
702 1
169 1
959 2
852 0
377 1
93 2
137 1
42 1
930 1
413 3
342 3
574 3
791 3
411 2
624 3
397 3
152 3
420 0
409 3
457 2
939 2
774 2
225 1
139 2
67 3
244 1
306 2
836 3
131 2
209 1
679 2
561 1
68 0
694 3
563 2
909 3
514 1
883 0
674 1
864 2
155 1
903 3
295 2
388 0
727 3
820 2
707 2
832 0
157 3
52 2
206 2
578 3
584 0
248 0
865 0
140 2
598 1
527 0
762 2
4 1
935 3
30 1
762 3
682 0
342 1
869 0
78 1
673 2
481 2
639 3
32 1
591 3
661 2
305 0
288 1
688 2
435 0
327 2
249 0
158 0
561 0
439 1
679 1
975 3
883 0
479 2
541 0
575 1
849 0
635 0
547 0
28 3
756 2
243 2
586 2
976 2
117 2
4 2
729 0
419 3
587 1
30 1
71 2
192 0
902 3
18 3
522 0
919 1
824 2
152 0
436 2
550 1
993 2
30 2
369 2
979 2
795 2
492 0
497 2
473 2
357 2
405 0
683 3
587 3
655 3
953 0
37 3
279 1
178 1
758 3
309 2
765 1
298 1
732 1
408 3
462 2
182 3
724 0
510 2
525 0
549 1
531 0
256 2
535 3
711 0
580 1
944 2
301 0
834 1
325 0
908 1
485 0
905 1
18 3
186 3
495 2
849 3
73 3
867 2
248 2
752 2
657 3
33 2
862 3
347 3
435 0
421 2
396 2
885 1
124 1
888 3
376 1
89 3
708 1
149 3
90 0
656 1
16 0
72 2
16 1
703 3
192 0
324 0
218 0
970 2
651 0
900 2
469 0
979 0
506 2
569 1
739 0
35 3
698 1
876 3
755 1
484 2
755 1
170 2
846 2
995 0
579 1
992 2
638 3
18 1
324 3
55 2
858 2
943 1
386 2
959 0
204 2
116 0
531 0
191 2
383 1
860 2
33 2
508 0
309 2
235 3
238 3
484 1
341 0
748 0
650 3
672 3
758 2
0 0
207 1
937 2
944 3
815 0
873 2
137 2
940 2
238 0
61 3
259 2
115 1
454 0
732 0
712 3
641 2
0 3
956 0
762 0
551 0
952 0
568 3
565 0
364 2
894 3
542 2
335 1
902 2
818 3
752 3
501 3
712 3
780 1
217 3
615 1
230 0
986 3
690 0
177 2
79 3
875 1
577 1
470 2
984 2
297 0
197 0
510 2
468 1
46 1
754 2
482 1
336 3
893 1
611 2
330 2
441 1
123 2
235 2
785 1
744 2
986 1
273 0
501 1
573 2
10 2
932 3
454 1
211 1
733 0
432 0
977 3
168 3
274 0
736 1
776 2
920 3
514 1
108 3
942 3
413 3
683 1
800 1
879 0
459 1
395 1
669 0
587 1
833 0
659 1
334 1
809 1
755 1
115 1
287 1
813 0
785 0
312 0
253 2
753 3
214 0
372 0
952 0
418 3
376 2
385 1
176 0
300 2
719 1
585 1
62 3
588 1
382 3
804 3
392 3
395 2
739 0
290 2
729 3
503 2
460 2
171 2
714 0
514 2
10 3
659 2
559 0
575 0
57 2
665 0
242 1
924 2
342 2
892 2
577 0
826 3
222 1
101 0
582 0
790 1
536 1
442 2
1 3
160 2
107 0
846 3
260 0
714 0
744 0
126 3
481 1
282 2
111 3
657 0
370 3
642 3
791 2
186 1
704 0
204 1
145 0
440 3
322 2
678 0
766 0
126 0
674 2
61 3
218 3
461 3
639 3
413 3
661 2
423 2
844 2
731 0
530 2
128 3
405 0
291 0
925 0
302 0
635 3
482 0
178 1
487 2
626 0
21 3
225 3
411 0
466 1
734 3
995 3
42 3
367 0
682 0
512 1
640 2
598 1
808 3
758 1
27 0
933 3
889 0
554 2
507 2
598 0
125 0
722 1
432 0
670 3
514 1
38 2
501 3
59 3
815 0
345 0
687 1
661 2
456 1
503 3
201 3
339 3
301 1
207 3
478 1
257 1
979 1
732 0
190 1
925 2
443 0
877 3
700 3
255 0
204 1
411 0
168 2
902 0
795 1
195 0
188 2
720 1
438 1
907 3
640 0
986 3
1 0
382 1
581 1
885 2
280 2
560 2
76 1
63 1
385 1
458 3
93 3
586 3
787 3
71 2
63 1
499 1
125 1
136 1
13 0
496 1
878 1
807 0
400 2
605 3
986 0
138 3
82 3
47 1
130 1
596 0
196 0
757 3
660 2
794 0
118 2
288 2
467 2
522 0
808 1
232 0
381 1
274 3
945 1
275 0
160 1
646 2
765 0
689 2
25 0
897 0
409 0
922 1
174 0
343 2
291 0
431 3
156 3
160 0
985 0
320 0
177 3
424 1
601 1
694 0
676 0
239 3
168 1
615 1
789 3
135 0
818 1
956 0
614 3
463 1
616 3
91 1
953 0
51 0
725 2
939 2
172 0
755 1
926 3
592 3
12 2
915 1
139 2
599 1
105 0
910 0
572 1
946 0
709 2
153 1
984 3
48 0
285 0
993 2
931 2
527 0
540 3
258 0
524 1
81 1
812 1
659 0
836 1
777 2
493 2
914 3
95 3
478 3
392 3
285 1
112 2
975 0
529 2
40 3
66 0
512 3
520 2
709 3
111 2
380 2
255 1
172 2
62 3
985 1
737 0
76 3
659 2
873 1
461 2
256 0
828 3
670 0
558 3
204 2
859 2
435 0
524 2
557 2
882 3
205 1
848 0
903 1
87 3
704 3
255 3
494 3
666 3
487 2
892 2
964 2
807 2
173 3
14 3
112 0
700 0
653 2
992 2
618 2
225 2
433 3
983 2
98 1
63 0
844 3
424 3
9 1
16 1
121 0
664 2
730 0
626 2
657 0
812 1
407 2
664 3
553 2
716 3
468 2
856 2
492 1
47 2
151 2
89 3
444 3
364 2
342 0
341 3
582 2
446 2
491 3
712 2
579 0
366 1
812 0
789 0
853 2
975 2
478 0
379 2
206 0
357 0
994 1
308 1
708 2
426 1
687 3
319 1
63 2
690 2
385 2
958 3
567 0
566 1
120 2
570 0
750 3
263 3
104 1
30 0
950 0
666 1
94 0
478 2
743 2
953 3
10 3
213 1
977 2
897 3
912 1
242 0
854 2
335 3
118 2
497 2
210 1
734 2
267 0
464 0
214 1
0 3
508 0
987 3
192 0
136 2
183 2
451 2
770 2
917 2
715 0
795 2
736 0
484 1
353 0
649 3
581 0
104 3
523 3
294 0
981 2
734 0
12 2
132 3
756 0
103 3
537 2
610 3
62 0
759 0
732 3
777 1
154 2
909 3
337 3
380 1
493 0
392 2
789 3
850 0
958 3
589 2
332 0
977 3
643 2
488 0
663 3
105 3
26 3
585 2
935 0
389 0
847 3
481 1
646 3
577 2
930 2
817 0
685 0
56 2
661 0
804 3
566 1
719 0
229 2
280 1
38 2
649 1
798 1
636 3
515 3
296 1
814 2
27 1
287 2
815 0
120 1
207 3
470 3
536 0
421 0
428 2
661 0
583 2
272 2
684 3
543 1
337 1
836 0
874 1
764 1
466 2
773 3
814 1
8 0
963 2
378 3
824 2
237 0
905 1
861 1
466 0
93 2
409 2
239 0
24 0
323 0
158 1
324 1
454 2
356 3
59 1
728 0
59 1
75 2
97 2
424 3
723 2
412 3
567 0
768 3
215 3
387 3
553 1
756 2
303 3
124 1
431 2
808 3
747 2
343 2
941 0
182 2
501 0
653 1
887 3
67 3
966 3
739 3
841 1
213 1
677 2
709 2
612 2
335 3
529 3
969 3
355 0
739 2
514 2
111 3
175 2
560 0
137 3
10 3
650 1
64 2
129 3
717 1
751 0
701 3
436 3
927 3
871 2
790 3
118 0
164 0
781 3
35 1
960 3
275 2
859 1
552 2
242 1
587 1
898 0
44 1
860 0
838 1
316 0
226 3
617 2
194 1
364 0
663 3
284 2
926 2
344 1
892 1
113 0
56 3
753 1
69 1
395 3
173 1
645 3
472 3
722 1
88 0
172 3
776 1
121 1
607 1
214 2
62 0
567 1
851 0
660 2
193 0
227 1
984 3
421 0
4 2
453 1
87 1
221 3
997 2
7 0
126 0
500 2
296 1
688 1
195 1
568 3
250 2
675 2
9 0
838 1
636 3
304 1
859 3
791 1
457 2
273 1
87 3
11 0
264 0
172 3
262 1
398 3
666 1
240 1
533 2
125 0
810 1
679 3
171 2
432 2
81 0
757 1
768 3
66 3
59 2
640 3
248 2
745 3
97 1
729 2
125 2
623 1
892 1
743 0
273 2
277 3
154 0
593 0
691 3
753 1
602 1
861 0
825 1
335 3
886 2
650 0
344 2
494 1
533 0
127 2
25 2
795 2
654 1
672 2
4 3
887 2
593 0
171 3
111 0
836 3
128 0
519 3
136 1
327 0
216 2
598 1
942 1
766 0
12 0
716 1
812 2
510 2
703 0
694 2
681 3
855 3
58 2
141 3
802 0
97 3
761 1
366 2
139 0
383 1
785 2
792 0
291 2
40 2
728 0
681 0
952 3
655 0
283 2
274 1
167 3
751 2
788 3
468 0
148 2
725 2
543 0
366 2
91 0
391 2
837 1
898 3
81 3
995 1
925 1
297 3
443 2
430 1
512 1
516 0
53 0
594 1
880 2
783 1
25 1
929 3
72 2
468 1
734 0
717 1
371 0
501 1
33 1
135 0
684 3
474 0
175 2
542 3
520 2
137 2
188 1
84 1
305 2
858 1
290 3
596 3
920 0
722 0
975 3
481 1
807 2
817 0
685 2
293 2
924 2
968 1
614 3
783 2
3 0
803 1
358 1
927 1
891 1
758 0
750 1
876 0
891 3
191 1
126 2
692 3
239 2
321 3
236 1
717 0
299 0
132 3
528 3
774 3
787 2
209 1
195 0
634 2
589 3
200 2
880 0
643 2
415 3
990 1
363 3
326 0
665 0
525 2
392 0
515 0
366 3
901 0
835 2
503 1
339 0
948 1
400 3
671 2
739 0
536 0
565 3
328 1
674 2
640 1
854 2
177 2
982 1
150 0
975 0
914 1
235 0
91 2
331 0
548 1
809 1
199 0
45 2
862 1
409 2
314 3
272 3
300 0
954 1
439 2
554 1
928 1
381 0
10 1
1 2
156 1
964 3
787 1
808 1
342 0
586 2
864 2
403 0
27 1
284 0
370 1
274 0
928 2
746 1
622 2
975 3
672 0
943 0
767 1
412 3
978 3
458 1
464 0
442 1
465 1
59 0
267 3
717 1
137 0
784 3
918 2
451 1
1 0
350 1
997 0
626 0
71 3
713 0
327 3
940 0
990 1
252 0
896 1
831 2
749 1
768 0
404 0
993 3
598 1
882 2
139 0
668 0
920 0
922 1
334 0
151 1
893 0
729 0
127 3
765 0
316 2
894 1
607 0
569 0
602 1
935 0
286 2
292 3
238 1
30 2
686 2
781 2
762 0
977 0
565 0
976 0
130 1
840 2
831 1
172 2
439 2
521 0
61 2
12 0
205 1
895 3
372 3
437 3
540 0
52 0
224 1
815 3
262 3
917 1
883 3
854 1
640 3
481 1
719 2
235 0
357 0
959 3
343 1
676 1
913 3
577 3
692 3
133 1
949 0
12 2
141 2
38 2
237 3
102 3
98 2
640 2
769 2
540 3
813 1
318 3
303 0
182 2
781 2
812 1
831 3
234 3
511 3
723 3
688 0
171 0
867 3
229 3
389 2
701 0
585 2
619 2
444 0
874 1
590 0
694 1
593 3
978 2
996 1
286 1
670 2
250 2
833 2
741 3
605 1
861 2
760 0
247 0
185 0
484 1
943 0
959 2
247 2
879 2
377 2
925 2
720 2
683 0
520 1
395 0
394 3
170 3
980 0
828 1
846 2
125 3
472 3
85 0
584 1
964 1
86 1
772 1
524 1
163 3
469 0
535 0
411 0
6 1
653 2
638 3
304 0
448 1
488 3
14 1
408 0
236 1
523 3
978 0
746 2
199 3
110 2
497 1
971 0
644 3
62 3
645 0
170 3
31 0
717 3
592 2
217 2
432 0
32 1
501 2
174 3
398 0
465 2
211 0
304 3
587 0
409 0
97 2
351 2
556 3
797 3
877 3
976 0
590 0
863 2
744 3
710 1
474 3
277 2
160 3
599 0
633 3
807 1
884 3
471 0
105 0
684 1
392 0
613 0
591 2
916 1
235 1
792 2
889 2
312 2
664 0
219 3
145 1
910 2
348 1
828 0
353 2
482 2
450 0
168 3
460 3
945 3
988 0
966 3
438 3
634 1
867 0
526 0
400 1
926 1
132 0
436 1
461 0
507 1
24 2
967 1
239 3
488 2
360 1
150 3
725 1
262 0
2 3
33 2
253 3
977 0
926 3
250 1
245 1
358 3
797 3
807 2
322 3
26 2
518 0
741 2
52 1
87 2
154 1
507 0
702 3
688 1
951 0
604 1
128 0
397 2
289 0
772 0
668 1
271 2
306 2
427 1
894 3
657 1
788 1
455 2
864 0
400 3
814 2
283 3
976 2
433 1
316 1
168 3
175 1
522 1
941 1
725 3
523 1
524 3
701 1
636 3
842 2
844 3
584 1
78 1
622 0
749 3
792 3
574 0
459 1
57 3
687 1
232 0
390 0
459 2
615 2
685 2
139 2
501 2
25 2
407 1
212 0
842 1
57 3
33 3
990 1
471 1
627 2
791 3
89 0
911 2
147 1
495 3
366 1
264 3
326 1
227 2
211 1
684 2
904 0
201 0
139 2
861 0
914 2
923 3
266 0
647 0
949 1
159 3
343 0
203 1
105 0
101 2
418 1
326 2
548 2
840 3
478 3
421 1
906 3
827 2
179 2
62 3
376 2
112 0
551 1
774 1
656 2
714 2
586 0
499 0
548 0
142 1
885 3
382 3
117 3
693 1
847 1
984 3
687 3
700 3
319 1
63 3
56 0
253 2
813 0
24 3
750 0
29 1
249 2
706 2
626 1
503 2
371 0
219 3
314 1
863 0
188 0
965 0
746 3
208 3
211 2
410 1
26 2
160 0
941 0
753 1
307 1
587 0
777 0
720 2
831 0
381 0
921 1
550 0
618 1
68 1
569 3
893 0
579 0
822 2
720 0
224 0
312 3
975 0
312 3
642 3
347 1
924 1
845 3
654 0
53 1
294 0
960 2
885 1
584 0
650 2
980 2
810 1
873 3
869 3
968 2
610 1
92 1
334 1
393 3
538 2
387 3
917 0
421 3
504 2
346 2
926 1
139 2
833 3
13 0
645 2
353 0
378 0
397 1
181 1
425 2
70 1
791 0
147 2
163 3
43 1
687 0
684 3
463 1
18 1
665 2
727 3
704 2
587 3
548 0
25 0
332 0
204 2
464 0
896 3
840 0
269 3
829 2
571 1
313 2
57 0
849 0
714 0
494 1
198 3
561 1
780 0
552 1
108 1
612 0
932 2
222 1
357 2
84 3
176 1
821 0
766 3
391 0
898 2
766 1
610 0
93 3
553 3
565 1
974 1
676 2
425 2
415 2
913 2
774 3
274 1
77 3
167 1
209 0
434 3
400 2
190 3
254 3
240 0
914 0
380 1
422 1
728 1
719 3
127 1
133 2
492 0
128 3
535 3
103 1
235 2
479 1
287 1
769 0
25 3
145 3
726 1
950 0
642 2
476 0
746 1
163 2
69 0
308 0
475 1
201 3
443 1
64 2
749 2
852 3
607 0
814 2
750 0
899 3
511 0
356 3
979 1
717 0
209 0
609 0
264 0
675 1
443 0
71 1
614 1
644 1
418 0
244 3
922 0
423 0
389 1
930 0
252 3
101 2
216 1
249 1
197 0
182 1
323 0
591 2
346 2
133 1
826 2
600 1
342 2
18 3
819 2
724 3
759 2
986 0
87 1
139 3
825 0
804 2
478 2
95 0
939 3
135 0
398 1
981 3
251 0
310 0
813 3
750 3
234 1
764 1
599 1
528 3
351 2
857 1
112 0
577 0
679 1
843 2
390 1
574 0
53 1
772 3
276 1
376 0
596 1
275 1
94 2
970 0
485 0
592 3
161 3
435 1
487 2
640 1
264 1
26 2
147 2
610 1
467 3
994 1
906 0
273 2
853 1
35 1
470 0
492 2
843 3
631 3
111 3
818 2
725 2
414 1
385 0
239 1
708 1
161 3
357 3
186 1
927 1
193 3
58 3
425 3
385 3
524 1
557 2
457 2
582 0
314 2
505 1
977 3
924 0
885 0
419 3
661 2
434 2
884 3
901 3
891 3
54 2
5 1
977 0
566 1
347 1
287 1
403 2
788 1
176 2
53 1
508 2
687 2
979 3
339 0
46 2
968 3
658 0
802 1
89 2
304 0
266 1
979 1
688 3
340 3
2 3
344 1
627 2
292 1
470 0
663 1
96 2
239 3
766 1
684 3
650 0
76 0
167 1
844 0
769 3
928 1
78 1
42 0
755 3
405 1
499 0
258 3
648 3
590 2
755 1
588 0
832 2
634 3
512 3
552 0
298 1
350 3
124 0
505 0
379 2
928 2
264 1
329 2
100 2
670 0
856 1
119 1
662 0
728 1
74 3
495 0
469 1
837 2
491 3
666 2
570 0
110 1
16 3
751 1
129 2
654 0
956 0
62 2
185 3
393 2
272 2
68 0
135 1
420 1
966 0
853 1
49 1
160 2
570 3
923 1
232 2
368 0
168 0
810 2
70 0
221 1
158 2
47 3
128 0
421 1
435 3
684 2
945 0
564 0
391 0
379 2
536 1
238 1
323 1
485 3
427 1
258 2
88 2
19 3
344 3
784 2
195 2
495 0
447 0
797 1
976 2
583 0
624 2
649 0
259 1
83 2
937 3
808 2
426 2
429 1
584 0
97 0
678 2
712 1
529 1
451 1
144 2
583 1
279 2
597 1
581 1
517 3
444 0
484 2
383 3
174 2
994 3
395 0
923 1
340 2
479 0
654 1
676 2
366 1
63 0
839 0
882 2
860 0
965 1
431 0
786 1
272 3
137 3
475 0
953 1
433 1
709 2
252 0
126 1
632 0
452 1
204 3
15 0
151 2
314 2
328 0
335 0
888 3
945 2
171 2
828 3
479 3
679 2
1 3
375 0
504 1
248 2
508 2
91 2
671 3
814 3
705 3
765 0
302 3
950 3
226 3
802 3
802 3
796 0
257 3
794 0
14 0
86 3
465 2
368 3
86 0
548 2
352 1
22 0
14 0
547 3
924 2
31 2
761 3
371 3
6 1
199 1
376 0
59 1
277 3
677 0
49 3
625 2
657 3
764 3
41 0
616 3
184 3
165 0
183 1
23 1
460 3
746 2
80 1
858 2
187 3
112 0
84 0
909 2
523 2
146 0
888 0
28 2
847 2
233 0
894 0
210 2
557 3
989 3
838 0
769 2
288 0
479 1
134 2
537 1
136 3
884 3
54 1
482 2
647 1
549 1
137 3
911 0
495 0
499 3
573 3
572 3
794 1
658 1
225 3
468 1
540 3
334 2
101 3
960 1
170 3
751 2
215 3
140 2
284 0
211 2
80 2
369 1
510 3
777 2
721 0
755 1
33 2
760 0
727 2
566 3
291 2
435 3
80 3
856 1
75 1
404 3
851 2
946 0
39 3
713 2
27 3
95 1
535 2
606 0
25 2
789 2
16 3
460 2
627 3
881 1
525 1
656 1
407 2
307 3
22 0
891 0
408 1
82 2
204 3
41 0
801 1
652 1
354 1
799 1
220 2
146 0
95 1
608 1
608 1
965 1
905 3
341 2
310 0
934 2
849 1
841 2
743 2
374 1
194 2
461 2
688 3
555 1
818 1
826 1
561 2
215 2
682 3
380 3
568 2
231 3
498 1
82 2
803 3
630 1
637 2
428 2
329 1
93 3
988 2
136 0
921 1
566 3
292 1
107 0
673 0
101 2
744 3
381 2
795 3
30 3
605 1
239 3
580 2
30 0
423 0
221 0
217 1
445 0
353 0
686 3
838 1
334 1
705 3
551 3
161 1
726 2
746 2
539 3
467 0
61 3
642 1
825 2
933 0
492 1
864 1
819 0
361 0
268 2
13 2
292 3
459 3
855 0
686 3
381 0
681 1
30 0
751 0
553 3
145 2
8 2
49 2
646 3
398 0
981 2
304 0
66 1
366 1
607 0
608 0
997 2
991 3
154 0
455 0
557 1
67 0
683 1
259 1
931 1
38 0
805 0
276 1
21 1
421 1
958 2
80 0
383 1
543 0
677 3
682 2
968 0
561 3
861 3
676 2
172 2
441 1
116 2
832 0
222 1
219 3
307 2
237 3
831 0
830 0
494 2
545 3
473 3
617 0
61 0
304 2
268 0
452 0
343 3
341 2
14 3
995 3
727 0
357 3
38 0
848 3
730 3
346 2
762 1
208 2
45 1
596 0
898 0
531 0
298 3
370 0
63 3
698 3
541 1
891 0
295 3
636 1
554 2
928 1
38 3
98 2
316 0
683 0
266 3
853 1
195 3
12 0
105 2
121 2
717 0
268 1
195 2
28 2
103 0
994 1
993 2
604 3
785 0
604 3
48 2
685 0
496 1
230 3
373 3
37 1
761 2
79 3
728 0
30 2
603 2
578 3
485 1
172 2
790 0
506 1
615 1
168 2
565 2
804 3
276 1
28 2
802 2
41 2
528 2
135 0
387 3
453 3
913 0
877 1
427 0
892 1
353 2
275 2
340 0
12 3
654 3
552 1
907 1
312 2
566 3
608 2
437 2
917 0
661 2
808 2
976 0
195 2
201 2
714 3
500 2
760 0
201 2
831 1
675 0
958 3
619 1
212 1
703 1
427 3
357 1
495 0
43 2
634 0
674 3
632 2
466 1
351 1
776 1
319 3
26 0
727 2
580 3
392 0
914 0
677 0
878 1
363 1
585 2
540 1
468 3
72 2
30 2
178 2
245 3
935 0
81 0
862 3
844 2
944 3
220 2
84 1
802 2
661 3
94 3
420 3
823 2
98 3
821 2
757 1
435 3
887 3
681 0
165 0
976 1
664 3
414 2
461 1
389 1
532 1
79 1
860 1
643 3
197 1
775 2
749 2
823 2
17 3
590 1
48 1
286 1
956 3
125 3
342 3
830 2
595 3
908 3
628 3
112 1
175 1
367 0
145 1
797 3
352 0
685 2
78 1
610 0
882 2
64 3
89 3
791 2
524 2
690 2
49 1
195 3
831 1
687 2
820 0
584 3
722 3
733 0
408 2
397 0
960 0
156 3
606 2
111 2
629 2
771 3
23 3
116 3
186 1
499 2
878 0
944 2
383 2
700 2
107 2
260 0
228 1
872 1
761 3
237 3
833 0
749 0
521 1
210 3
227 3
65 3
87 0
604 1
143 1
825 1
738 3
237 2
357 1
97 0
820 0
370 1
290 3
402 0
829 1
46 2
227 0
875 0
183 3
109 3
891 0
287 1
800 2
846 2
89 1
554 2
93 0
878 1
229 2
957 0
802 0
426 3
880 3
617 1
534 0
872 2
553 2
198 3
689 3
655 2
621 2
688 2
443 0
325 0
407 0
238 0
732 3
843 0
566 2
869 1
563 2
579 0
449 3
349 0
12 1
316 0
74 3
424 3
985 3
880 0
96 1
476 0
75 0
473 1
610 1
629 3
618 3
152 0
585 3
918 2
258 0
403 1
213 1
945 2
608 3
416 1
209 0
829 2
839 2
564 1
387 0
220 3
137 0
682 2
94 1
220 0
191 2
521 3
632 1
803 2
977 0
578 2
507 3
663 3
826 1
937 2
590 2
969 3
970 0
88 3
452 1
137 1
414 1
966 0
64 3
232 2
189 2
662 1
466 2
834 0
317 2
599 1
436 1
523 3
26 2
528 0
932 3
891 0
63 2
508 0
639 3
371 1
335 0
284 1
875 2
666 0
771 1
214 1
158 1
534 2
317 3
774 0
578 2
406 1
485 3
31 0
481 1
271 2
797 0
556 2
962 0
618 0
162 3
127 2
718 2
419 1
194 1
252 0
149 0
448 0
394 0
61 1
86 1
545 2
388 3
313 3
462 3
797 0
510 3
552 3
159 0
232 2
593 3
963 0
569 1
883 0
135 0
773 0
819 1
954 2
346 3
646 1
491 3
521 1
491 0
447 0
896 1
294 2
72 0
786 2
535 2
926 1
841 1
663 1
149 1
12 3
293 2
977 1
487 2
310 2
585 1
571 0
43 0
568 3
326 0
134 0
506 3
727 2
767 1
243 0
939 2
519 0
191 3
799 3
335 0
911 2
11 0
51 3
909 2
47 2
233 0
932 3
98 0
34 1
750 3
156 2
675 3
315 2
137 3
814 0
757 3
468 3
842 1
438 3
191 1
20 0
890 3
209 3
288 3
550 1
888 2
550 1
332 0
82 3
838 3
876 1
813 1
889 1
395 2
243 2
16 1
152 2
636 3
892 0
738 2
488 3
459 1
941 1
501 1
374 2
285 1
602 3
742 0
313 2
450 1
641 1
915 1
482 3
901 0
38 1
228 0
322 2
595 0
40 2
429 3
565 2
606 3
1 3
212 2
752 2
108 2
931 2
219 1
415 2
940 0
288 2
863 3
877 2
682 1
824 3
229 0
385 0
947 0
522 0
26 1
73 2
578 1
382 3
851 2
307 1
306 0
446 3
868 1
419 0
203 2
316 0
956 1
184 3
438 2
983 0
314 1
541 3
789 0
743 0
364 1
241 1
357 1
969 3
83 2
486 0
791 1
991 3
444 1
50 2
418 3
56 3
480 3
801 1
128 1
566 1
132 3
254 3
679 2
827 0
527 0
10 1
69 3
229 3
445 2
38 1
262 1
714 1
939 1
234 0
716 3
906 3
72 1
395 3
693 2
14 3
500 3
63 2
15 2
665 1
256 2
45 3
849 1
76 1
728 3
21 1
810 2
628 0
370 1
622 1
917 1
841 1
318 0
803 3
681 0
787 1
418 0
897 0
665 3
347 1
709 3
713 1
66 3
480 3
449 2
656 2
382 1
479 1
888 0
239 1
430 0
736 2
508 1
786 3
973 3
531 2
96 2
896 1
164 0
699 0
970 0
152 3
828 2
238 3
425 3
409 2
27 2
593 0
241 3
524 2
241 3
716 2
463 2
475 2
520 2
768 0
492 2
403 2
782 2
421 1
114 3
901 0
466 3
438 1
180 2
740 3
983 2
589 1
480 0
929 1
347 0
832 0
725 3
14 0
120 1
625 1
729 0
775 3
994 2
749 0
476 1
511 1
784 1
593 2
224 1
784 0
158 2
667 0
256 2
787 1
608 2
252 2
895 1
641 0
133 1
899 3
380 0
205 1
551 3
440 2
64 2
220 2
741 3
231 1
225 1
702 1
535 2
419 2
667 1
474 0
996 0
247 0
222 3
504 2
941 1
632 0
948 1
693 1
935 3
446 3
579 0
641 1
160 3
858 0
548 3
256 1
106 0
243 2
4 2
168 1
163 1
243 1
45 1
659 2
677 1
873 3
592 2
897 2
542 3
273 1
624 2
326 2
193 2
176 2
64 3
647 2
542 2
629 1
653 0
55 1
749 1
155 1
981 3
980 0
605 0
407 2
145 0
953 0
668 2
56 1
181 3
342 0
958 0
31 3
447 0
461 0
646 3
366 1
8 3
641 2
322 1
596 0
147 2
469 1
978 1
520 2
200 1
655 2
548 1
130 1
803 3
212 2
241 1
367 1
696 2
946 3
715 0
896 3
791 2
574 3
269 0
572 3
446 2
582 1
760 0
929 0
252 0
109 3
364 1
392 3
181 0
798 2
225 1
319 2
816 0
232 2
328 3
704 2
931 1
579 0
932 1
466 2
603 2
219 1
337 2
875 2
784 3
588 3
512 3
122 2
213 1
293 3
170 2
917 2
595 0
124 0
782 2
658 2
633 1
930 1
897 0
383 2
309 1
6 3
163 3
985 3
96 0
937 2
941 2
442 3
709 1
33 1
879 1
819 2
911 1
936 0
369 3
122 0
70 1
792 1
383 1
178 3
498 0
740 3
399 1
443 3
500 2
422 0
403 0
141 2
397 1
498 2
278 3
689 3
533 2
192 3
326 2
602 0
95 2
958 0
40 1
412 1
29 1
316 1
22 2
521 0
776 1
241 2
863 2
115 0
989 0
891 0
890 1
556 3
738 0
989 0
282 1
768 0
508 2
41 0
484 2
49 0
605 2
754 1
980 1
103 3
291 3
374 1
655 2
537 2
678 2
770 0
731 3
858 3
68 2
139 1
821 2
903 0
77 2
873 1
300 3
639 2
688 3
612 0
962 2
256 3
974 0
323 3
291 3
629 0
705 0
371 2
313 3
718 3
757 3
936 1
780 1
310 2
686 2
884 1
149 0
874 1
438 3
844 3
937 2
683 2
510 1
787 3
893 0
807 1
581 0
242 2
624 1
864 3
978 1
180 3
966 1
152 2
272 2
697 1
336 1
55 1
57 3
713 3
583 2
269 2
202 2
527 2
991 2
731 0
965 0
117 3
5 3
820 2
701 1
6 3
675 3
109 1
928 1
672 0
802 3
450 2
961 2
474 0
216 1
405 3
51 0
886 0
803 2
807 3
378 1
235 1
662 0
571 2
963 1
305 1
509 1
655 2
26 3
436 1
168 1
867 3
528 0
253 1
900 0
620 1
104 3
566 3
694 0
654 1
487 2
726 2
284 0
638 3
863 1
685 0
320 3
111 0
723 3
909 0
613 3
817 0
36 0
849 3
665 2
816 2
220 2
847 1
934 3
768 3
68 1
214 3
786 3
48 1
611 0
562 3
743 2
273 0
108 1
601 0
263 1
593 1
22 3
171 0
106 0
41 1
550 0
225 1
877 2
533 0
161 1
338 1
872 1
332 0
810 1
90 0
829 1
856 1
266 0
982 1
882 1
676 0
106 2
5 3
571 0
771 1
461 0
555 3
461 2
32 0
483 1
373 3
149 0
365 0
958 0
363 2
671 0
66 2
914 2
52 2
752 1
465 3
79 2
656 0
787 3
265 3
372 3
333 1
871 1
176 1
507 3
944 0
365 2
474 1
225 1
108 1
10 3
935 0
106 1
555 3
667 2
527 2
626 1
888 1
260 0
305 2
790 1
970 0
972 1
182 0
909 0
799 3
206 1
128 2
289 2
426 3
657 3
6 3
549 1
174 0
693 2
894 1
190 0
563 1
533 2
357 2
287 1
601 0
287 2
448 1
17 2
915 3
40 1
28 1
839 2
747 0
653 3
882 3
745 2
462 1
614 3
216 3
634 0
784 3
891 3
423 1
868 3
372 3
439 2
756 3
486 2
224 3
352 2
76 3
813 2
206 3
391 3
23 0
109 3
789 0
581 3
186 0
997 0
798 0
137 1
480 2
300 3
773 3
541 2
494 2
368 2
716 0
806 0
296 3
740 3
524 0
667 1
476 1
940 1
194 0
177 0
941 1
724 0
378 2
482 3
711 3
796 0
805 0
644 0
225 0
42 1
320 2
877 3
769 3
714 3
128 2
102 2
578 0
548 1
135 3
725 3
775 2
182 1
451 0
985 2
935 0
645 0
105 0
704 3
620 3
66 1
848 2
41 0
153 3
702 0
144 1
196 0
421 3
369 3
945 3
964 2
821 1
695 1
742 3
360 2
159 0
256 0
250 1
661 3
71 3
504 1
371 0
247 1
927 3
363 2
539 3
364 2
241 0
318 2
495 1
634 1
63 3
440 0
155 0
548 3
794 0
627 3
692 0
543 2
429 2
875 1
82 1
216 2
874 3
58 1
19 3
359 2
219 1
219 1
809 3
45 0
873 1
12 2
552 1
316 0
133 0
566 2
799 0
501 3
187 2
215 3
832 2
792 0
172 2
594 0
203 1
74 1
805 1
553 0
991 1
517 2
961 3
710 2
3 3
693 0
468 0
323 2
832 2
227 0
81 3
392 3
865 3
640 3
101 3
772 3
302 0
880 3
747 2
5 0
475 2
965 1
786 3
822 1
111 1
16 3
948 3
803 1
790 0
97 1
230 1
213 2
824 1
643 0
744 2
749 3
662 3
294 1
311 3
775 3
734 0
412 1
403 0
704 1
888 1
354 1
995 3
200 3
356 3
32 3
595 2
651 1
905 0
520 2
781 1
582 2
665 1
974 2
752 2
627 1
47 0
997 0
571 2
389 0
991 3
400 3
972 2
547 2
657 0
563 3
989 0
415 3
518 3
199 3
912 3
834 1
496 1
788 0
794 2
916 3
709 1
411 0
305 1
792 1
547 2
938 0
586 0
794 3
527 3
883 0
903 2
313 1
292 0
912 2
414 3
737 3
73 0
13 1
427 3
897 1
393 3
992 2
370 0
397 3
74 0
561 3
777 1
389 2
132 2
810 2
492 2
46 2
651 3
686 1
589 2
179 1
860 1
515 3
473 1
165 2
166 3
273 1
635 0
548 0
297 1
76 0
606 3
838 3
794 0
776 3
676 2
277 3
980 1
105 3
914 1
509 3
589 0
225 2
546 3
612 2
357 1
748 0
125 1
452 3
267 0
62 3
133 2
329 1
372 0
587 2
737 2
211 1
616 3
951 3
278 1
843 0
950 1
826 1
496 2
780 1
394 0
691 0
695 0
805 2
47 2
99 2
40 2
148 0
191 3
896 2
516 2
79 0
113 2
789 2
176 2
118 0
932 0
535 0
102 3
342 1
884 1
44 0
100 2
825 0
201 1
644 1
605 2
118 0
921 1
590 2
496 0
454 3
116 1
819 3
862 2
438 0
851 0
519 2
672 1
712 1
839 2
331 1
952 1
863 1
518 0
2 3
58 2
423 2
477 1
424 0
386 1
423 0
928 2
713 2
726 0
734 2
172 1
34 1
642 1
349 2
338 2
158 1
420 3
283 0
847 1
563 3
106 1
138 3
660 1
697 2
647 1
367 1
795 2
727 3
313 1
202 0
301 3
836 1
31 0
610 3
98 2
772 0
184 0
973 3
386 0
227 2
847 1
513 3
483 3
80 1
301 1
758 3
103 3
656 0
826 2
12 0
762 3
739 2
565 0
179 1
716 1
593 0
434 2
389 0
572 3
191 3
888 1
131 0
384 1
436 0
435 1
172 2
514 1
152 3
36 0
432 2
450 1
205 2
941 0
854 0
185 3
910 3
896 3
471 3
507 1
444 0
938 3
383 0
507 1
282 3
582 1
105 3
4 0
841 0
201 2
217 2
859 0
629 0
395 3
838 1
921 3
784 2
781 1
955 3
461 3
570 3
350 0
118 2
662 2
295 3
679 2
257 3
39 0
471 2
747 3
441 3
895 2
123 2
941 1
681 1
480 1
76 1
588 0
168 1
861 1
160 2
797 1
942 1
811 3
503 3
387 0
618 0
464 0
21 2
941 3
716 0
386 0
561 1
699 1
97 3
687 3
18 2
822 0
684 2
570 3
945 1
824 2
740 1
882 1
362 2
180 3
569 3
560 3
396 2
923 1
451 2
480 1
819 3
410 3
54 3
500 2
128 2
991 3
631 3
963 2
616 0
856 1
899 1
148 0
434 0
288 3
72 2
510 2
886 2
802 0
570 0
40 1
937 1
852 0
769 2
148 0
92 1
513 0
12 2
953 3
774 0
525 0
377 3
734 1
78 3
594 1
70 0
780 0
9 1
714 3
957 2
738 3
152 1
661 0
509 1
425 1
305 2
970 3
439 1
20 2
537 2
793 3
512 0
303 2
844 1
64 3
737 2
854 0
394 1
880 0
821 1
290 0
163 1
766 3
871 0
626 3
634 2
915 3
636 3
37 1
651 0
150 1
33 0
516 0
650 2
336 2
656 2
620 2
366 1
909 2
467 1
675 0
89 2
426 0
924 2
33 2
730 2
154 3
887 3
253 0
822 3
994 2
347 2
819 1
391 0
979 1
987 0
120 2
54 0
92 0
984 3
572 1
940 3
653 0
742 1
241 1
931 2
492 0
129 1
378 1
834 1
277 2
966 0
78 2
671 3
341 3
456 1
813 0
69 2
748 3
994 0
450 3
574 0
226 1
810 3
893 3
150 1
680 0
612 1
841 2
465 1
635 1
644 1
550 1
308 0
788 0
518 3
303 0
658 2
469 2
324 2
686 3
384 1
846 2
560 2
588 2
663 0
702 0
120 0
58 3
199 3
293 1
236 3
319 3
580 3
707 1
828 1
10 0
436 3
725 2
552 1
402 3
64 1
864 3
488 3
6 3
573 0
831 0
845 2
888 2
388 2
88 0
713 3
137 2
35 1
739 2
331 0
88 3
216 0
128 0
939 0
983 1
41 2
284 1
569 3
194 2
370 2
383 1
458 0
691 2
554 1
951 2
231 3
443 1
910 0
700 3
296 1
221 0
40 2
195 0
963 3
295 3
98 1
132 0
810 3
367 2
305 3
219 1
897 3
700 0
931 1
445 1
231 3
915 1
857 0
112 3
261 2
131 2
328 3
36 0
179 2
772 1
765 1
187 0
152 2
104 3
414 3
42 0
351 2
471 3
664 1
287 3
295 0
730 2
762 2
699 3
807 0
957 0
196 1
768 3
567 1
722 2
53 1
882 3
126 3
876 1
782 0
558 2
432 1
33 3
525 1
629 2
421 3
388 2
510 0
661 3
612 3
906 0
143 1
450 0
557 0
202 0
911 3
960 3
770 3
7 2
135 2
303 3
699 2
425 2
629 3
499 3
38 1
941 2
983 3
426 2
712 0
541 1
82 1
604 0
125 3
535 0
462 2
346 0
252 3
251 1
607 1
118 1
169 3
901 0
608 3
618 1
205 1
861 1
35 3
799 3
304 1
521 1
819 1
842 2
200 0
240 3
388 2
586 1
89 2
562 1
507 2
235 2
456 0
460 0
931 1
885 2
404 1
238 0
570 3
444 2
268 3
522 0
608 2
605 0
899 3
734 0
169 3
615 3
956 2
734 3
759 0
113 3
364 2
616 1
383 3
942 2
906 2
368 3
370 1
547 2
265 0
271 3
125 0
753 3
310 3
166 2
190 1
388 1
431 0
20 2
45 2
549 3
973 1
460 3
938 3
827 0
666 1
410 0
337 1
271 0
396 3
27 1
312 2
158 2
510 0
510 3
165 2
920 3
263 2
104 0
472 3
195 0
442 2
256 0
793 0
509 2
175 3
633 3
104 3
308 0
383 2
729 1
180 0
285 0
640 2
899 2
2 1
787 0
178 1
203 1
785 2
14 0
818 2
119 2
640 2
419 3
503 1
388 3
74 0
242 3
741 0
858 2
298 0
429 1
176 1
270 3
335 0
666 3
739 1
680 2
946 2
291 1
693 2
157 0
680 0
181 0
324 0
855 0
836 3
558 1
482 0
163 2
220 0
83 3
733 3
689 3
341 3
564 2
279 3
512 2
156 1
829 3
883 2
910 0
22 2
476 3
42 3
276 1
351 0
949 0
382 0
884 1
555 2
219 2
160 3
83 3
566 0
21 3
986 0
182 1
275 3
695 2
926 1
499 3
139 1
851 2
968 1
430 3
167 2
495 0
545 1
208 0
656 2
148 0
653 1
356 0
3 2
16 0
641 3
224 3
315 2
616 3
878 0
115 1
22 1
649 2
607 0
498 1
547 3
635 0
317 2
891 3
652 2
483 3
180 1
821 3
887 1
364 3
360 3
747 1
452 3
172 3
217 1
991 0
973 1
890 2
476 2
307 2
648 0
378 1
590 0
27 0
549 2
834 2
734 0
513 3
72 1
936 0
344 0
568 3
795 0
94 0
14 2
38 3
133 3
808 0
966 3
782 1
645 1
845 3
160 2
976 1
211 3
892 2
352 1
243 2
890 0
301 2
101 3
795 2
345 3
822 0
493 0
188 1
398 1
350 1
19 2
665 1
69 3
61 3
813 2
324 1
433 2
865 2
468 3
780 2
576 0
960 2
135 2
585 3
101 0
829 1
71 2
146 1
578 1
977 3
271 1
284 2
569 0
387 0
82 3
383 0
717 3
429 3
80 0
601 1
61 1
907 2
694 2
934 3
104 1
457 2
502 2
838 3
331 2
994 0
273 2
755 1
890 2
943 1
943 3
260 1
931 0
814 2
309 2
922 1
753 1
98 2
778 1
512 2
88 0
292 3
428 1
137 0
319 0
549 2
150 0
701 1
859 3
189 0
935 1
444 0
14 3
214 0
738 1
706 0
771 3
450 1
436 1
293 1
624 0
718 2
259 1
835 0
250 1
226 1
876 0
267 3
904 3
492 3
914 2
372 2
520 0
929 3
748 2
814 0
711 0
59 3
758 2
640 0
530 3
263 3
900 3
578 1
338 2
341 3
276 1
623 0
521 1
405 1
107 2
926 2
493 1
268 0
931 2
679 3
30 3
59 1
132 1
462 2
531 2
595 2
871 0
303 0
98 3
190 1
679 2
283 0
929 0
785 3
743 0
820 3
627 2
316 3
669 3
60 1
576 2
501 1
169 1
161 1
144 3
807 1
438 2
154 1
664 1
365 0
924 2
751 0
212 3
409 3
843 0
50 3
185 3
468 2
720 2
222 3
834 2
491 3
30 1
525 0
106 2
544 3
498 3
703 2
764 1
472 3
19 1
780 3
625 2
40 0
824 3
282 3
8 1
53 2
132 3
428 1
345 1
809 0
365 1
844 1
928 1
593 1
88 2
889 2
111 2
591 0
552 3
681 3
61 3
808 1
629 1
606 0
720 3
844 2
367 0
482 3
965 0
415 0
417 3
936 0
442 0
961 1
327 3
510 3
555 3
51 3
970 3
443 1
362 3
450 1
962 3
517 0
83 0
81 0
855 3
178 1
469 0
254 1
224 1
828 1
329 1
291 1
335 3
901 0
960 1
40 1
820 2
503 3
361 1
185 2
415 2
388 3
286 0
517 1
946 2
437 2
714 3
392 2
460 3
285 0
825 0
780 2
190 2
378 2
988 2
289 3
438 0
576 0
121 2
895 3
615 2
915 0
141 3
363 1
357 3
483 0
205 3
738 3
30 0
462 2
284 1
444 2
674 3
312 1
345 1
872 0
554 3
722 3
138 0
139 1
859 1
981 2
903 1
803 2
928 0
518 0
838 2
111 0
815 3
86 0
284 1
472 0
552 1
670 1
966 0
458 1
550 3
203 3
601 2
906 0
685 0
971 0
768 1
626 2
9 0
528 3
537 3
474 1
779 1
621 2
359 1
777 0
441 0
5 2
239 2
684 0
993 2
945 1
651 0
126 1
157 0
41 0
249 2
370 2
944 0
860 2
411 0
600 0
266 2
246 0
993 0
874 3
608 0
805 2
271 0
28 0
361 2
410 0
698 0
74 3
237 1
81 0
442 1
44 2
886 0
52 0
209 3
526 1
504 3
926 0
519 3
472 0
30 0
795 1
672 1
167 2
445 2
400 1
622 2
590 3
194 1
707 1
134 2
188 3
200 0
368 1
138 1
303 2
528 1
164 3
920 2
197 2
206 2
752 0
240 2
703 0
114 3
388 3
50 3
14 0
815 3
24 3
30 1
916 0
882 1
285 2
102 2
418 1
989 2
261 0
705 0
317 3
207 2
946 1
796 0
0 3
427 1
140 0
633 3
741 1
34 0
322 2
248 1
325 1
399 1
374 0
511 0
505 1
780 3
142 0
312 0
904 3
507 3
986 0
749 1
93 2
406 3
16 0
263 2
846 1
152 2
14 1
289 2
647 0
653 3
298 0
524 0
669 2
182 0
355 3
57 3
354 0
71 1
411 3
703 2
1 3
597 2
526 1
74 3
667 2
539 2
502 1
57 0
510 3
932 2
772 1
311 2
852 2
344 0
574 1
838 3
240 0
926 2
660 2
792 2
666 0
399 2
512 2
544 3
783 0
447 3
467 0
546 0
725 3
847 1
967 0
334 3
816 2
970 2
266 1
628 0
33 2
28 1
138 1
36 1
773 0
373 2
803 2
140 0
142 0
826 0
501 2
335 2
976 2
83 3
227 3
818 3
967 0
51 3
253 0
287 2
133 1
38 0
398 3
689 3
761 1
712 0
583 3
61 3
820 1
676 3
134 2
990 2
291 3
163 2
779 0
302 1
543 3
643 2
539 2
647 1
614 3
787 0
97 1
67 0
830 3
127 1
551 1
238 1
371 3
994 0
359 2
661 2
675 1
689 1
480 3
298 3
58 0
232 2
350 1
742 0
494 3
36 1
756 2
363 1
102 0
947 1
349 3
62 0
113 1
376 1
342 1
181 1
800 3
439 0
299 3
103 0
190 0
853 0
892 0
582 2
775 1
370 0
987 0
783 3
163 3
957 3
201 0
449 0
772 1
404 2
468 0
243 0
777 2
422 3
311 2
754 0
837 0
684 3
197 0
428 0
884 2
708 1
935 3
180 1
183 2
536 2
827 1
62 2
828 1
680 0
879 0
630 0
26 3
375 0
76 3
700 2
733 3
148 0
782 3
658 3
265 2
371 3
272 2
892 3
111 2
504 2
856 0
763 3
493 0
871 2
930 2
750 3
621 0
656 3
507 2
204 1
418 0
360 3
661 3
88 1
230 2
511 1
69 3
280 0
124 2
310 3
711 0
20 2
800 2
367 1
948 2
893 0
143 2
623 0
433 2
871 0
533 1
812 1
212 3
974 0
143 2
22 0
986 2
356 1
682 3
537 0
790 1
9 3
518 1
316 2
237 0
67 3
634 3
713 1
535 3
410 3
306 0
714 1
605 2
771 0
836 3
706 1
206 3
721 2
646 3
318 1
70 1
909 0
458 0
930 1
451 1
209 1
244 2
413 1
264 3
472 1
693 3
346 1
256 0
695 2
982 1
907 2
896 1
466 0
481 0
889 3
137 3
75 2
16 2
414 1
881 0
67 2
495 2
418 1
352 0
990 2
864 3
198 1
674 2
116 2
655 2
107 0
499 0
262 2
678 0
779 2
33 2
327 1
677 3
256 3
723 1
342 2
793 2
736 2
39 0
134 3
562 3
338 3
421 1
889 2
293 0
253 3
771 3
405 2
217 2
432 2
406 1
511 1
845 0
659 2
501 2
283 3
978 1
218 1
88 3
351 3
802 0
334 1
889 0
932 0
587 2
187 0
760 1
975 2
436 1
329 0
583 2
778 0
181 0
964 0
185 2
819 1
506 2
1 0
213 1
250 3
139 0
656 1
893 3
501 3
808 1
642 2
47 0
43 1
764 1
5 3
554 0
344 2
859 0
45 2
811 1
431 1
401 0
75 2
871 1
722 3
115 2
731 0
482 3
860 1
480 1
844 1
81 0
106 0
378 3
483 1
264 3
158 0
157 2
529 2
5 3
895 0
470 2
403 1
862 2
23 0
647 0
639 0
573 3
263 2
245 1
960 0
782 0
745 0
537 1
666 2
858 0
209 1
853 1
346 1
988 2
235 3
483 3
837 1
213 3
837 1
128 3
315 3
348 2
597 2
118 0
221 3
506 2
943 3
352 0
70 0
717 1
984 2
963 1
581 0
557 3
35 1
661 2
201 1
23 2
692 0
666 1
848 3
41 2
119 3
670 1
350 3
981 1
968 0
788 3
826 0
388 3
159 0
361 0
203 1
328 0
261 0
659 0
676 1
379 2
579 0
108 3
678 1
787 2
895 2
476 1
269 2
340 3
101 3
60 0
847 3
458 2
569 3
244 3
673 1
31 3
920 2
13 2
126 3
306 2
225 3
273 0
743 2
449 2
595 1
638 1
504 2
660 2
35 2
132 1
251 2
910 3
997 1
163 2
629 3
419 0
880 0
818 2
986 3
591 3
453 3
846 0
188 0
247 3
357 1
775 2
910 2
307 1
692 2
222 3
91 3
72 0
288 2
791 1
635 0
159 1
831 0
931 1
609 1
133 0
756 1
416 3
22 3
918 0
31 2
49 0
731 0
648 0
926 1
442 3
290 2
453 2
460 3
901 1
156 2
119 2
738 2
170 2
800 2
113 2
759 2
920 0
120 1
163 0
974 0
581 0
916 0
289 3
318 0
199 2
895 0
393 0
770 1
505 3
482 3
759 3
294 1
153 2
896 0
672 0
486 3
527 0
328 2
44 1
2 2
214 2
416 0
269 2
888 0
55 3
900 3
390 2
147 2
891 3
171 2
425 0
336 0
875 0
887 2
99 0
186 3
640 1
503 2
72 0
59 1
246 2
115 0
665 2
30 1
462 3
241 1
78 1
76 3
888 2
494 2
824 2
667 2
392 3
793 1
397 0
743 1
411 2
559 0
202 3
992 2
500 3
767 1
834 3
576 1
430 2
90 0
431 1
811 2
158 3
108 1
616 1
608 3
441 3
39 3
710 2
954 0
265 1
371 2
157 3
460 3
848 3
989 3
513 0
873 2
512 3
416 3
21 3
207 1
524 2
698 1
217 3
886 1
863 0
922 1
731 0
308 1
270 0
298 2
100 1
367 0
436 2
370 1
720 1
489 0
427 3
60 2
208 3
921 1
145 2
616 3
733 3
938 0
739 3
688 0
547 0
939 1
290 0
444 3
944 3
607 2
384 0
113 3
300 3
804 3
799 0
883 1
587 1
879 1
487 3
769 2
665 1
840 2
372 0
709 0
752 1
843 0
401 1
544 2
134 1
92 2
271 2
652 1
167 2
15 2
266 0
80 2
346 3
739 2
514 1
367 2
620 3
441 3
408 1
975 3
249 1
107 3
105 3
738 0
704 2
363 1
742 1
294 2
372 0
752 1
781 2
244 1
500 0
125 1
971 3
31 0
668 2
522 1
806 0
950 1
445 3
552 3
641 2
145 0
354 0
201 1
843 3
782 2
371 2
328 2
93 1
285 3
883 1
723 3
511 2
584 2
329 1
102 2
239 3
590 1
2 2
95 0
922 3
342 2
235 1
757 2
214 3
197 3
572 2
134 2
242 1
542 3
324 3
680 2
583 3
656 3
816 0
727 2
488 1
819 0
530 1
396 1
959 3
788 0
604 1
559 3
581 3
303 1
870 2
793 3
811 0
390 3
268 0
75 1
232 1
819 3
182 1
647 1
45 0
450 1
313 1
97 3
306 2
105 3
822 3
737 3
10 1
661 3
637 1
849 3
682 0
373 3
12 2
504 1
588 2
941 0
202 1
674 0
398 1
409 3
211 3
946 3
158 0
762 3
514 0
669 2
956 1
614 1
512 1
408 0
522 0
888 1
353 3
436 0
942 1
279 3
34 1
318 2
35 0
166 1
272 1
508 0
26 3
584 2
454 1
436 3
722 0
488 1
149 2
283 1
334 2
239 2
330 1
277 1
611 1
80 2
410 0
872 0
729 0
877 1
892 2
57 1
192 1
352 1
93 2
168 2
90 0
959 2
818 2
756 3
788 0
368 2
293 2
713 2
275 1
13 1
604 3
786 1
136 1
863 2
212 3
347 0
603 2
134 1
36 0
668 3
763 2
50 0
854 2
679 2
221 0
303 1
298 2
563 2
204 1
547 3
627 2
568 1
366 0
889 2
641 1
447 1
874 0
285 3
106 3
214 2
628 1
400 0
263 2
213 3
496 0
250 1
322 0
462 2
545 2
705 0
817 3
460 0
28 1
670 0
369 2
987 3
823 3
332 0
483 0
279 0
955 1
932 0
681 0
717 3
564 2
544 3
603 0
498 3
338 3
832 0
535 3
540 2
65 1
203 3
562 1
336 3
216 3
161 1
785 0
436 3
530 0
934 3
638 1
748 0
865 2
648 3
117 0
344 1
455 0
831 1
832 1
843 2
647 2
66 2
327 2
182 0
328 0
903 3
767 3
766 1
78 2
515 0
70 0
620 0
275 2
427 2
993 3
460 1
306 3
495 3
723 2
844 1
751 3
152 3
414 2
197 3
961 1
639 1
674 2
976 0
644 3
747 1
568 1
286 2
626 0
912 3
522 0
909 1
445 0
754 3
586 2
236 1
985 0
769 0
64 3
195 3
518 0
61 0
759 3
777 2
97 0
143 2
276 2
171 2
485 0
149 1
876 2
187 3
494 0
204 3
364 3
916 1
261 2
856 3
815 3
421 0
916 0
278 1
598 2
647 3
931 0
404 3
825 1
972 3
235 0
866 1
163 0
732 2
275 2
125 0
680 3
392 3
281 3
557 3
109 1
217 2
878 1
400 2
996 3
73 2
870 1
616 1
128 1
573 1
418 2
900 3
629 3
343 2
788 3
153 3
518 2
282 3
617 1
875 2
683 3
629 3
663 2
716 3
123 3
684 3
240 0
912 0
735 2
403 3
50 0
95 1
753 2
680 3
892 3
649 2
791 3
737 0
332 0
195 3
560 0
13 2
105 3
633 0
887 3
551 3
464 3
908 3
471 0
916 3
136 2
647 1
122 0
445 1
209 2
753 3
978 0
826 3
54 0
305 1
120 3
561 1
968 1
527 2
231 0
667 1
909 0
972 0
105 1
269 0
149 1
396 2
681 3
197 2
174 1
835 2
906 2
919 2
887 3
552 2
662 2
634 1
45 1
911 0
973 0
768 2
254 3
885 2
563 3
174 0
623 1
817 1
833 0
967 3
674 2
364 2
438 3
369 3
916 3
37 3
937 1
629 1
818 1
113 2
422 3
558 2
740 2
363 3
880 1
704 1
192 2
794 3
207 3
0 3
863 1
187 1
989 3
781 1
35 3
738 0
124 0
530 1
146 0
600 3
206 3
508 1
871 0
30 0
597 0
48 2
972 1
485 1
422 3
509 2
997 0
214 1
849 1
647 3
745 2
400 0
316 3
748 3
304 3
220 3
89 2
498 0
470 1
859 3
787 1
789 2
817 1
934 2
576 3
410 2
451 3
997 2
515 0
453 0
390 0
983 2
825 3
43 1
612 1
720 1
505 0
48 2
343 0
759 2
272 2
934 1
719 2
195 2
562 3
928 3
252 2
860 0
221 2
786 0
430 3
668 2
388 3
682 0
258 0
254 2
669 2
438 2
897 2
538 3
90 0
163 0
63 2
762 3
863 2
733 0
449 0
894 2
928 3
193 1
834 2
322 2
543 1
607 0
458 2
731 1
576 2
87 0
612 0
123 3
961 1
675 2
512 2
392 1
229 1
708 2
480 2
197 1
479 3
499 0
489 0
465 0
636 0
618 0
448 3
836 2
798 2
649 0
114 0
507 3
620 2
680 0
980 2
92 3
183 1
2 1
766 0
572 0
564 2
843 0
667 1
138 3
590 2
481 1
272 0
872 0
952 2
548 0
208 2
159 1
595 0
280 0
124 2
678 0
877 1
135 2
719 1
341 1
217 3
859 3
297 3
89 0
327 0
300 3
784 1
574 2
145 0
357 3
623 1
684 1
302 0
249 0
235 1
83 0
384 1
724 2
802 0
44 2
561 2
100 2
833 3
687 2
747 3
534 3
970 3
585 1
670 1
19 2
348 3
303 0
503 2
552 3
892 0
372 1
449 0
841 2
547 2
483 2
142 0
222 0
503 0
512 3
94 1
479 0
422 1
649 0
344 3
72 0
67 1
381 0
313 0
223 3
116 3
191 1
403 2
521 1
64 3
220 2
493 2
262 1
346 3
934 1
677 2
441 2
400 2
301 3
655 2
610 1
979 0
238 1
578 0
967 0
475 3
768 1
932 1
447 2
859 2
619 3
995 1
653 1
866 3
817 2
317 2
327 0
419 3
198 3
688 1
441 2
526 2
190 1
739 2
792 2
602 2
585 0
761 2
520 3
575 3
488 3
978 1
883 1
89 2
919 1
248 3
589 1
161 3
214 3
251 0
54 0
137 2
874 0
520 2
713 3
922 0
533 3
430 1
831 3
756 2
352 0
339 0
162 3
981 1
790 2
667 2
835 1
236 3
576 2
715 0
295 3
291 3
622 0
808 1
427 2
146 0
276 0
345 2
893 0
325 0
337 0
360 2
220 2
334 1
0 3
714 3
368 3
713 0
465 0
284 0
992 1
256 3
711 3
847 2
640 2
68 3
898 1
561 2
612 1
356 2
672 3
445 2
120 1
351 2
850 3
242 1
905 1
876 0
438 1
852 3
5 1
453 1
881 3
40 1
978 3
337 2
523 3
608 0
134 0
960 1
631 1
80 0
919 3
496 2
568 2
272 2
602 1
772 3
90 1
527 0
239 2
695 0
275 1
224 2
180 0
664 2
949 3
982 1
720 0
76 2
175 3
937 1
206 0
177 1
936 0
6 0
213 2
543 2
794 2
216 1
628 2
602 2
662 0
884 0
481 0
622 2
479 1
794 3
558 1
623 3
664 1
418 1
893 3
6 3
19 2
641 0
727 2
929 3
208 2
756 0
262 2
489 0
249 1
142 3
800 3
116 3
96 0
377 1
616 2
777 2
685 2
507 1
74 0
20 0
51 0
912 2
951 0
970 2
799 1
693 3
990 1
334 1
304 2
971 3
604 1
693 1
840 0
681 1
588 3
661 0
702 2
903 3
125 0
224 2
505 0
989 2
256 1
911 0
811 3
215 3
946 0
287 3
244 2
631 0
426 1
165 1
433 3
260 2
188 1
170 3
195 0
305 1
321 3
695 3
187 3
505 0
403 3
207 2
185 2
761 1
146 2
630 3
655 3
975 3
842 2
917 1
161 2
200 1
479 2
68 0
481 0
959 0
23 0
377 2
269 1
434 2
570 2
892 2
177 0
138 1
129 0
559 1
649 0
185 1
239 3
474 2
208 0
17 1
94 2
263 2
54 3
64 3
372 0
552 2
124 3
323 1
77 3
643 2
35 0
427 1
392 1
39 1
727 1
314 2
388 2
208 1
100 3
862 2
752 1
127 3
237 0
54 2
847 2
624 1
93 1
925 3
862 1
370 1
941 2
675 3
228 0
535 2
785 1
848 0
789 3
83 2
157 1
143 1
668 2
534 3
266 1
143 2
769 0
72 2
898 1
910 0
383 2
201 0
793 2
159 2
464 2
742 2
5 1
228 3
12 1
522 0
387 2
951 2
147 0
115 3
737 1
186 2
827 2
869 2
129 1
226 0
35 3
616 1
490 1
368 3
400 0
71 0
665 3
729 3
730 3
548 2
62 0
658 3
762 3
511 2
562 2
568 2
972 0
348 2
531 3
759 3
674 3
490 2
244 2
981 0
627 0
430 0
104 1
341 3
498 0
148 3
34 1
895 3
704 0
45 2
918 1
301 3
364 1
523 2
879 0
911 1
457 1
743 1
922 3
934 2
874 0
772 0
811 0
520 3
172 0
105 1
103 3
619 1
158 2
463 1
425 1
906 1
470 3
660 1
74 0
560 3
531 3
781 2
778 3
702 0
330 3
85 0
15 1
18 1
711 0
837 2
591 0
416 0
86 0
409 1
131 2
465 2
953 0
878 2
375 1
2 1
424 0
421 1
386 0
877 3
402 2
17 2
226 2
246 1
584 2
219 1
895 2
647 0
134 3
250 1
969 1
421 3
612 1
994 0
36 0
268 1
629 0
601 3
363 2
816 1
200 0
775 0
599 0
500 3
422 2
892 3
845 0
645 3
703 0
89 1
288 2
280 3
284 0
220 2
0 1
938 0
495 1
536 3
694 3
726 2
66 2
367 0
776 1
385 0
713 3
372 1
51 1
396 0
383 0
307 3
4 0
305 3
353 0
501 0
918 2
586 0
84 0
690 2
829 1
708 2
371 2
963 0
893 1
974 0
84 2
904 1
279 2
591 3
641 1
54 3
730 2
131 3
817 2
529 2
185 0
307 0
731 0
639 2
737 0
974 0
51 1
889 0
665 2
921 2
333 0
341 3
941 1
372 0
617 0
333 0
711 1
751 0
829 2
400 0
35 3
692 0
293 2
382 3
263 3
869 0
611 0
643 2
874 1
472 2
42 3
930 1
819 3
594 3
628 3
925 3
893 2
954 0
622 2
560 2
321 2
707 0
985 0
315 2
110 1
939 1
857 1
163 1
545 0
604 2
899 0
205 2
546 3
243 1
586 0
955 1
382 2
832 0
966 2
712 0
612 2
187 1
445 3
310 2
469 2
361 3
14 1
583 3
397 1
834 3
925 1
510 1
36 1
222 0
6 1
749 1
631 1
486 2
127 3
365 2
315 2
804 1
780 1
377 2
778 0
610 1
258 1
181 2
366 0
837 1
101 0
278 3
267 3
524 1
221 1
727 0
221 3
347 1
555 2
386 2
739 0
558 3
479 0
220 1
246 3
701 3
746 3
980 0
60 3
26 2
985 2
760 2
355 3
679 0
219 3
106 2
766 3
785 3
659 0
782 0
192 0
430 1
650 3
423 3
3 0
938 0
24 3
801 0
648 0
77 2
957 2
825 0
924 0
882 2
29 0
367 3
782 3
371 1
681 3
655 3
315 0
850 0
92 0
710 0
981 3
193 2
566 1
974 3
575 2
794 1
179 3
594 1
695 0
776 0
507 0
796 0
298 0
166 2
885 1
959 2
753 3
497 1
744 0
238 1
454 0
442 2
456 0
661 0
929 2
470 1
470 0
860 3
483 3
643 0
273 0
194 2
431 3
368 2
809 3
236 2
805 3
813 0
258 1
334 2
539 0
786 3
669 1
199 1
268 3
214 1
870 1
637 0
495 1
439 2
667 3
730 2
986 0
994 3
858 1
677 0
202 3
486 1
53 1
371 0
357 3
771 3
236 3
727 1
514 1
204 1
143 1
770 3
277 3
725 0
575 3
787 3
372 3
454 3
608 0
761 1
55 1
725 1
779 2
360 0
542 1
564 1
79 0
630 1
489 3
525 2
810 0
690 0
212 2
974 0
992 1
91 2
231 3
356 1
311 2
856 0
730 1
907 3
754 0
891 0
682 0
882 2
211 2
977 2
216 3
443 3
266 2
358 3
839 3
677 3
178 1
252 1
604 1
741 3
615 3
848 1
616 1
752 1
652 0
49 0
275 1
20 2
973 3
617 3
807 2
140 1
617 0
638 1
361 2
949 2
868 3
300 0
27 2
208 3
291 2
552 0
109 3
967 0
959 0
570 0
196 1
217 1
24 3
16 1
123 0
498 2
581 3
769 0
688 2
964 0
389 1
440 2
804 0
104 3
56 0
606 1
543 2
215 2
784 2
497 2
937 2
793 2
130 0
545 0
510 0
63 3
577 3
653 2
52 1
694 1
975 1
53 3
695 1
238 2
819 0
371 1
477 0
169 0
159 1
632 1
930 2
643 3
211 0
581 3
546 1
273 3
145 1
761 2
963 1
60 3
854 3
647 3
615 2
729 2
64 1
18 3
826 0
795 2
64 1
508 2
902 3
518 1
371 0
340 1
774 3
119 0
687 1
861 1
222 1
461 1
874 0
452 1
495 3
744 3
481 1
529 0
396 2
757 0
645 0
44 0
172 1
349 0
109 2
965 0
114 0
643 2
208 2
734 2
903 0
428 1
71 1
295 0
192 0
503 0
277 1
391 3
659 2
637 3
140 3
59 1
952 1
602 0
675 1
969 2
588 0
688 3
732 0
447 0
547 0
943 0
201 2
946 3
811 1
991 1
144 2
127 2
389 2
86 3
724 3
764 0
885 1
55 0
86 2
106 2
32 1
415 2
214 2
282 2
893 1
568 3
326 0
829 0
118 3
419 0
710 3
485 3
572 2
705 3
294 3
583 1
490 3
61 0
171 1
420 3
197 2
220 1
278 1
593 1
375 0
34 3
367 0
989 0
1 0
74 2
65 1
142 1
75 2
939 0
264 0
601 3
494 1
13 1
861 3
36 1
351 0
700 0
528 0
118 0
703 3
853 1
402 3
973 3
987 1
827 3
532 3
189 2
451 2
380 3
208 1
713 2
231 1
300 1
516 3
221 1
956 2
854 2
129 3
708 0
535 0
550 3
265 2
599 0
123 3
457 0
746 2
297 1
421 1
521 2
482 2
103 2
589 2
213 3
697 0
520 3
525 2
548 0
187 3
443 3
429 3
282 0
58 1
625 2
195 1
412 3
506 3
906 0
569 2
163 1
698 0
980 1
212 1
120 1
222 3
649 2
67 1
261 0
875 2
555 2
834 2
138 2
799 1
665 1
673 2
516 3
901 0
792 0
759 2
203 1
613 3
786 3
170 1
539 1
239 0
253 3
910 0
48 0
836 3
576 1
145 3
898 3
749 3
143 1
59 1
249 0
581 0
418 3
987 1
519 2
863 1
174 1
14 2
300 0
108 2
512 3
833 1
426 3
109 0
883 3
461 2
762 2
408 3
479 1
515 2
568 1
559 1
614 2
227 0
857 0
752 1
814 3
904 0
884 2
903 1
633 0
93 3
871 1
559 1
823 0
179 3
367 2
695 3
781 3
412 1
608 0
801 0
566 3
396 0
922 2
582 0
536 0
938 3
989 2
821 3
547 0
594 3
610 2
119 1
836 0
953 3
883 2
859 0
400 2
887 2
169 2
332 0
156 1
34 2
675 0
732 3
829 0
635 0
736 3
930 3
580 1
501 2
380 1
131 2
889 2
270 3
497 3
40 1
388 0
111 1
873 3
145 3
486 0
598 2
202 3
954 0
273 3
531 2
275 0
308 2
840 0
276 1
395 3
550 1
643 3
13 0
205 0
35 3
442 0
24 0
468 1
469 1
560 3
91 1
613 3
116 1
981 2
973 0
442 1
448 0
679 0
457 3
638 3
422 3
487 0
547 2
377 3
830 1
984 0
544 1
437 0
36 1
864 2
483 3
382 0
577 2
435 2
61 1
213 2
226 0
657 1
707 1
477 1
684 1
161 0
446 2
432 2
957 3
623 3
106 2
332 3
523 0
290 0
485 3
364 0
290 0
291 2
591 3
180 2
990 1
153 0
772 3
479 1
93 3
115 0
907 3
582 3
262 1
362 3
81 3
621 0
650 1
694 2
685 1
58 1
426 1
530 3
232 0
186 0
755 1
124 2
899 2
966 3
334 2
731 3
572 1
868 3
268 0
874 0
396 3
339 3
69 0
675 0
6 3
514 3
754 2
325 0
45 2
859 1
916 0
389 2
368 1
508 1
76 0
725 3
853 2
382 3
754 2
583 1
405 2
707 2
631 3
685 2
108 2
996 2
968 1
571 0
107 2
697 2
643 3
274 3
546 0
530 3
131 0
793 3
346 3
643 3
5 1
476 1
579 3
411 1
382 3
406 0
535 0
776 3
431 1
515 2
499 2
107 2
588 2
462 2
236 1
74 0
441 3
821 3
93 2
515 2
974 0
301 3
541 2
241 2
322 2
989 3
478 1
322 3
2 2
459 3
9 3
271 3
525 2
983 2
567 1
68 2
383 1
211 2
229 3
179 2
908 2
967 0
835 1
230 1
732 3
870 0
424 2
539 3
779 1
775 1
165 3
851 3
247 3
405 0
179 2
690 0
664 3
88 2
822 0
644 2
632 0
350 3
660 1
849 3
541 0
933 2
531 0
394 0
748 3
862 2
802 1
659 3
65 2
967 3
284 0
817 2
55 3
230 1
279 3
938 2
83 1
261 0
502 0
463 1
935 0
144 1
860 0
644 0
598 3
666 2
943 0
963 2
429 3
360 3
20 1
611 0
480 0
387 2
600 0
942 0
288 2
10 1
272 1
236 1
579 0
620 3
847 1
592 2
852 0
70 0
809 2
527 0
854 3
165 1
882 2
579 0
625 0
701 0
248 3
236 0
38 3
935 2
810 0
980 0
915 2
800 2
41 1
374 3
54 2
275 0
569 0
551 1
129 3
544 2
967 1
795 1
335 2
85 1
581 2
347 2
659 0
37 3
200 2
620 3
882 0
301 3
701 3
16 0
300 2
61 0
380 2
951 1
508 2
681 0
800 3
444 1
980 2
678 1
779 3
2 1
647 3
414 3
297 1
996 1
346 1
547 2
358 3
122 2
556 3
494 2
41 0
958 0
532 2
592 0
465 3
168 1
741 3
200 1
824 0
955 1
743 3
499 0
241 2
383 3
661 1
484 0
848 1
853 1
224 2
873 3
647 1
483 0
644 0
357 0
768 0
269 3
176 3
739 0
667 2
818 2
33 2
587 3
468 3
863 1
932 0
283 1
848 2
580 1
663 2
14 1
794 2
809 2
41 3
722 3
498 2
701 1
279 0
138 1
183 2
752 0
633 1
656 3
867 1
578 0
986 3
672 2
279 0
808 0
808 0
591 2
644 1
689 2
472 2
978 1
960 0
792 1
60 3
724 2
10 3
97 0
851 3
769 2
224 2
180 0
790 2
416 2
941 1
835 2
178 2
621 0
216 2
502 3
177 3
502 1
280 1
338 3
172 3
98 2
788 1
609 1
40 2
609 3
303 0
552 3
192 1
366 1
643 0
470 3
285 3
161 3
586 2
113 3
680 1
468 3
234 3
238 1
136 1
501 2
363 3
711 1
67 3
343 0
58 3
616 3
552 1
800 2
572 2
183 3
49 2
764 3
551 0
198 0
66 1
908 1
117 0
528 1
241 0
870 0
68 2
826 1
803 1
678 0
604 2
253 3
766 2
996 3
330 3
865 3
426 3
94 1
367 2
965 0
198 3
361 1
0 3
10 3
726 0
802 0
801 3
211 2
888 1
642 0
952 1
240 2
717 3
352 0
614 1
156 1
249 0
77 2
945 0
868 1
305 1
95 2
761 3
803 3
111 2
124 3
712 1
989 2
907 0
378 2
376 0
863 1
10 2
909 0
318 3
303 2
723 0
295 3
228 0
109 1
701 2
535 1
121 0
75 3
778 1
669 2
602 0
172 2
545 1
318 0
547 0
847 0
474 1
951 0
941 2
519 0
683 1
553 1
863 2
122 0
318 1
828 2
279 3
685 1
30 0
757 1
484 3
274 1
137 3
635 1
591 0
795 2
26 3
859 3
577 1
659 1
772 2
527 3
399 2
462 1
965 1
637 2
527 2
707 2
938 2
899 3
717 2
821 1
539 3
510 2
425 2
93 0
119 3
54 2
146 1
572 3
617 0
826 3
847 3
991 1
99 3
312 0
123 2
263 0
452 1
844 0
758 0
433 1
372 2
500 2
229 3
615 1
651 1
176 3
168 3
429 0
62 3
973 3
697 3
290 2
982 3
226 2
387 2
860 2
625 2
99 0
347 3
835 2
261 0
84 2
622 0
839 3
902 0
758 1
582 2
627 1
667 2
457 2
496 2
612 1
680 3
710 3
794 2
252 0
943 0
578 1
145 2
457 3
730 3
778 2
600 1
590 0
78 0
874 0
124 2
231 3
566 0
707 1
305 0
506 1
477 2
231 3
989 0
786 0
620 0
187 0
122 2
386 1
361 2
497 3
392 0
40 0
177 0
117 3
577 2
84 0
824 3
62 2
408 1
380 3
208 0
433 0
38 0
317 1
34 3
770 2
924 3
389 0
116 3
481 1
465 0
389 1
786 3
94 1
885 3
658 0
234 1
788 0
419 2
53 3
3 2
261 2
966 2
360 3
684 3
569 1
576 1
667 3
400 1
925 1
358 3
566 1
582 0
932 3
427 3
789 2
302 3
661 0
819 2
925 2
17 0
641 3
456 1
274 1
860 0
508 2
470 2
931 3
753 0
575 1
199 0
980 2
935 3
393 0
796 3
810 3
497 3
435 0
903 1
957 3
12 2
138 2
829 1
708 3
136 2
646 0
915 2
38 3
269 0
957 0
639 1
309 1
418 0
927 0
309 3
772 1
893 0
122 3
530 0
67 1
301 3
364 2
270 0
32 3
42 2
933 1
300 3
897 2
724 1
165 1
687 0
162 2
27 3
15 2
189 3
884 0
501 0
792 1
888 1
620 3
605 1
732 3
923 2
40 2
935 2
587 3
340 0
550 0
777 1
252 1
609 1
203 3
71 1
203 1
412 2
380 0
184 2
289 0
749 2
462 0
979 1
63 3
657 3
691 1
725 0
916 0
161 0
834 1
563 0
503 1
756 0
13 3
457 0
314 3
369 2
132 1
7 3
25 2
866 2
44 1
855 3
201 3
716 0
743 2
879 0
910 2
134 0
665 2
986 1
268 0
59 3
428 0
548 2
722 1
235 1
536 0
842 1
385 0
397 0
686 0
679 2
907 0
217 2
401 3
920 2
432 1
979 2
248 0
535 0
863 1
802 0
592 2
114 0
550 1
258 0
618 2
98 1
530 0
866 2
858 2
132 1
335 3
665 2
92 0
479 3
532 0
803 2
634 1
690 2
760 0
639 3
289 2
10 1
70 2
974 2
312 1
24 1
110 2
618 2
322 1
748 3
160 0
688 0
111 3
360 3
664 3
548 3
575 0
693 1
770 0
527 1
761 1
483 2
506 2
36 2
891 1
365 2
785 3
519 3
949 3
635 0
235 1
926 0
729 1
608 1
917 0
539 0
970 0
177 3
955 3
470 1
864 0
770 0
227 1
815 2
988 2
738 3
395 3
585 3
333 3
491 2
448 2
260 3
350 1
542 1
334 2
428 1
779 0
732 1
876 0
161 1
843 3
313 3
218 1
248 1
59 3
52 0
969 3
807 0
562 1
158 1
317 3
339 2
241 2
639 2
602 2
834 2
344 2
442 3
405 1
472 2
530 2
122 0
147 0
906 3
787 1
640 1
501 1
158 1
826 2
988 2
270 0
690 1
80 2
188 0
441 1
663 1
724 2
121 3
131 0
626 2
773 2
179 2
613 1
508 2
632 3
522 3
504 2
634 0
115 3
23 3
308 0
11 2
879 0
648 0
54 1
786 2
693 0
35 1
695 2
532 2
930 0
389 0
194 1
5 1
855 2
696 2
107 2
941 1
191 0
660 2
823 3
154 3
645 2
343 3
67 2
777 2
471 3
528 1
431 1
198 1
616 0
991 2
926 3
46 2
44 0
275 1
554 2
108 3
291 0
333 0
316 1
272 0
320 3
739 2
755 2
440 1
226 3
637 3
487 2
886 1
696 1
969 0
192 2
687 0
697 2
253 3
890 1
882 2
558 1
835 0
130 2
889 2
618 2
239 2
351 2
769 2
757 1
722 0
988 1
856 0
849 0
238 2
554 0
270 0
393 0
290 3
855 3
911 1
964 2
521 3
136 0
922 1
807 2
659 2
192 3
635 3
287 3
23 0
668 3
848 2
664 0
864 3
176 2
510 0
406 1
202 0
129 1
238 3
317 1
545 0
323 0
819 3
125 0
842 1
557 3
160 1
963 1
801 3
36 0
137 0
576 2
637 1
572 0
735 0
687 3
770 1
867 2
267 3
188 1
300 3
875 2
353 1
570 0
971 3
610 2
915 0
665 1
564 3
535 0
704 3
983 3
66 0
485 1
142 2
465 0
814 1
291 2
480 0
415 1
919 2
198 3
569 1
609 2
549 2
786 2
348 0
915 0
97 3
987 2
50 2
516 1
908 3
108 3
751 3
941 1
989 3
682 2
151 3
714 1
632 3
710 2
622 0
223 2
700 0
426 0
613 0
695 1
731 0
485 0
791 3
663 1
709 0
409 3
417 3
953 0
674 2
612 2
903 1
89 1
39 3
468 2
893 2
410 1
432 3
171 3
547 3
824 3
42 3
4 2
706 2
993 2
893 1
795 2
50 3
511 0
544 0
977 2
493 0
48 2
291 3
8 0
837 3
36 0
301 0
93 1
92 3
443 3
194 2
142 0
134 1
234 1
242 1
471 3
385 3
410 0
9 0
864 0
573 2
153 3
641 0
483 2
510 3
120 1
806 2
200 1
979 3
307 1
437 0
62 3
728 2
381 1
619 1
173 2
181 3
881 1
594 2
264 1
416 1
110 3
969 2
753 0
742 1
507 2
480 1
851 1
513 3
56 2
420 2
200 0
674 1
289 2
525 3
424 2
257 0
82 1
797 0
399 0
544 3
489 2
84 2
688 1
563 0
771 1
887 2
636 1
63 1
673 1
403 2
635 0
180 3
594 3
45 0
616 2
671 2
735 2
126 1
581 1
50 3
550 0
140 1
420 1
210 2
928 1
321 3
618 2
143 0
745 3
124 0
675 1
807 0
66 3
177 2
414 3
205 1
324 0
611 2
241 2
159 1
551 1
604 1
181 3
822 0
232 1
448 2
596 0
343 2
763 0
571 2
565 0
652 3
844 1
384 2
865 3
75 3
211 0
275 1
652 3
781 1
16 3
732 3
120 3
734 0
191 3
839 1
164 2
335 0
392 1
470 2
445 2
275 2
799 1
275 3
44 2
984 0
254 2
250 0
820 3
220 1
171 1
546 0
389 3
692 1
989 0
273 2
480 3
584 0
953 0
765 3
158 0
963 0
132 2
210 3
227 0
127 2
27 2
849 1
451 1
447 3
809 1
137 0
415 3
208 3
264 0
586 0
941 2
228 1
968 3
707 3
370 1
879 0
181 3
624 0
705 2
6 2
10 2
222 1
320 2
396 2
228 3
787 1
269 1
239 0
564 3
801 1
989 0
938 2
217 2
430 2
106 2
894 2
323 2
816 2
789 3
441 3
429 3
989 1
158 0
37 1
396 3
725 2
702 1
474 1
557 1
154 1
446 0
840 1
265 0
948 2
528 0
352 3
306 0
64 1
342 1
509 0
589 1
224 3
361 2
269 3
990 3
273 2
146 0
464 2
328 2
591 3
564 2
557 1
736 2
808 3
946 0
626 1
163 3
290 2
609 3
814 3
920 1
638 2
299 3
637 3
852 0
474 0
177 2
701 3
679 1
324 2
404 3
176 1
608 1
279 1
445 2
772 1
355 0
751 1
233 1
616 0
595 0
176 3
876 0
543 0
284 2
232 0
320 2
427 1
903 3
357 2
36 0
477 0
300 1
33 0
662 0
738 0
663 1
505 2
786 2
173 0
664 1
721 1
7 1
116 1
645 0
110 3
196 0
575 1
558 0
471 2
11 0
133 2
257 3
199 1
248 0
892 1
476 0
907 0
3 3
55 3
788 2
532 2
525 2
13 0
341 1
174 3
750 1
731 1
656 2
699 1
546 0
446 0
843 2
807 2
306 1
466 0
342 1
67 2
785 3
791 0
183 0
208 1
261 0
972 1
281 2
466 0
282 3
937 0
961 2
584 2
774 0
69 1
66 3
295 2
334 2
832 2
292 2
418 2
739 0
947 0
263 0
152 3
692 1
795 0
4 2
981 0
448 0
509 0
269 3
871 0
433 0
445 2
68 3
173 1
220 2
750 3
930 0
148 3
761 3
646 2
710 0
392 2
132 2
542 2
121 2
345 1
313 1
763 2
61 3
980 3
165 1
278 0
244 1
210 2
205 0
802 0
775 3
686 1
40 0
511 3
777 2
437 0
7 0
913 0
458 2
580 3
525 0
6 2
149 3
905 0
930 2
8 3
295 3
250 2
140 2
372 1
506 3
389 1
319 0
743 3
7 1
958 2
668 0
753 3
185 3
84 1
369 1
795 1
662 0
356 1
458 3
874 0
650 2
335 0
402 2
667 2
130 3
807 2
276 3
690 2
737 2
341 3
839 3
734 3
941 1
397 2
842 0
262 0
377 1
745 1
574 3
657 1
686 2
24 3
719 1
995 3
368 3
448 0
919 3
539 1
478 1
856 3
533 0
954 3
120 0
740 3
740 0
444 2
762 2
846 3
863 3
951 1
945 1
486 2
311 2
681 0
162 3
960 1
321 0
208 2
989 2
762 0
861 2
607 2
717 2
433 0
950 0
466 3
989 3
440 3
327 2
124 3
857 3
551 0
994 1
750 1
497 1
458 2
945 0
271 0
332 2
496 2
772 3
727 0
498 3
231 2
899 2
478 3
934 0
874 1
615 3
510 1
965 1
328 1
809 2
155 2
779 3
243 2
489 0
384 1
327 3
383 2
568 1
900 1
462 2
504 2
823 2
212 1
198 0
70 0
672 2
381 1
90 2
6 1
305 3
59 0
551 2
709 0
308 2
440 3
12 0
935 1
703 2
353 2
869 0
628 3
41 3
706 1
694 1
651 3
819 0
724 2
674 2
146 0
705 0
179 0
249 3
154 0
850 0
929 1
449 2
69 3
603 0
721 1
210 1
74 3
104 0
278 0
964 3
963 0
408 2
529 2
230 3
784 1
172 0
910 1
147 0
327 2
611 1
191 2
77 0
479 0
198 1
239 2
107 3
304 0
805 1
705 0
625 2
69 1
208 0
754 3
67 2
467 0
876 3
719 2
599 2
495 0
896 0
839 2
32 0
342 1
23 0
205 1
827 0
567 2
899 3
718 3
384 3
641 1
232 3
884 0
746 0
420 2
958 0
584 2
815 0
899 1
915 0
560 0
990 0
830 1
369 0
547 0
512 1
7 1
728 1
665 0
927 0
287 0
862 3
899 1
920 2
701 3
986 1
916 3
113 3
831 0
180 0
588 3
138 2
359 0
904 3
841 0
925 2
396 0
555 1
180 0
418 0
553 3
317 3
703 0
494 2
372 1
218 3
781 3
640 2
113 0
928 3
477 0
448 2
395 0
367 0
698 1
793 2
62 3
388 2
882 2
525 3
997 2
439 3
570 2
252 1
959 3
41 3
547 0
158 3
521 3
795 2
322 1
662 0
557 2
483 2
241 1
609 0
684 0
229 1
663 0
556 3
641 1
856 3
416 2
171 1
491 1
487 1
616 1
446 0
930 2
774 1
526 3
513 2
233 1
99 1
812 2
470 0
728 2
896 3
18 3
533 0
22 0
390 0
917 3
913 0
904 0
915 3
175 2
454 1
552 0
303 0
247 1
146 1
487 0
548 0
905 2
816 0
563 0
403 0
154 2
837 2
205 1
143 3
101 0
10 3
944 3
900 3
642 2
974 1
785 3
759 3
348 2
43 1
785 0
804 0
980 2
447 1
495 1
285 1
289 0
595 3
478 1
279 1
297 3
691 3
915 3
200 0
189 0
490 3
391 1
22 0
288 3
468 1
525 1
137 3
573 3
969 3
642 2
873 2
895 3
742 2
673 2
815 3
451 3
479 1
269 3
301 0
795 3
670 2
84 1
440 3
812 2
458 0
882 0
34 0
120 2
769 1
767 0
408 2
826 3
185 1
991 3
439 3
696 1
49 0
102 0
750 3
799 3
39 1
735 2
624 1
622 1
377 2
457 3
995 2
294 1
850 3
407 2
882 0
25 1
777 2
51 2
674 1
640 1
413 1
60 0
766 1
356 0
915 2
622 0
152 3
784 1
907 2
143 3
699 3
574 3
25 2
72 1
211 3
457 0
129 0
732 3
726 2
175 0
59 0
787 2
845 1
948 3
775 1
454 3
318 3
112 3
809 2
520 3
328 2
220 1
200 0
501 1
91 0
864 3
275 0
515 3
812 2
715 2
465 2
353 1
962 0
515 0
325 3
671 2
840 3
887 2
739 2
517 2
623 3
7 0
146 2
262 0
42 2
16 3
945 1
148 3
363 1
6 0
536 3
55 2
703 0
67 1
22 0
108 1
430 0
518 1
952 2
357 0
882 3
808 2
106 3
403 2
181 0
98 1
927 1
239 1
493 1
327 0
510 3
545 1
530 1
44 3
867 2
487 2
4 0
208 1
603 1
710 2
106 0
508 1
4 1
465 0
236 0
498 3
639 1
87 3
522 3
537 2
675 0
168 2
687 1
208 1
694 3
203 0
304 1
17 1
436 0
662 1
104 1
725 2
444 2
793 1
245 0
951 3
307 3
445 3
480 2
121 2
476 3
744 1
504 3
918 0
415 1
952 2
956 3
447 2
670 3
222 2
248 2
13 1
986 0
946 0
824 2
327 2
274 1
440 2
855 2
499 0
851 1
869 3
137 2
783 3
633 0
375 0
640 1
52 1
797 3
39 1
371 3
929 2
43 1
252 1
928 1
451 3
60 2
705 2
276 1
18 0
660 2
123 1
181 3
855 3
351 3
535 2
520 1
494 1
266 0
319 0
372 3
144 0
81 1
48 1
712 1
760 0
832 1
461 3
406 2
444 1
469 0
537 0
454 0
415 2
895 0
465 2
717 1
287 1
876 1
166 1
731 0
198 0
340 0
39 3
468 0
279 0
31 1
279 1
644 2
885 3
304 1
223 2
706 1
146 1
207 3
185 2
330 2
376 2
53 2
644 3
566 0
763 2
30 2
700 0
12 0
433 1
721 1
812 2
838 3
805 3
912 1
687 1
702 2
509 1
426 2
435 1
697 0
650 3
817 0
228 2
250 1
91 2
129 1
38 2
914 2
65 3
339 1
598 3
618 2
406 3
269 3
732 2
522 1
104 3
495 0
427 3
42 0
299 1
235 0
890 1
600 1
374 0
541 1
957 2
698 3
824 0
637 2
930 3
686 1
240 2
603 1
314 3
84 0
738 3
638 1
47 3
689 2
659 3
464 1
557 1
538 2
357 1
132 1
620 2
813 2
591 2
115 2
795 2
288 1
821 2
760 2
821 3
506 2
961 2
446 0
385 0
480 2
328 2
177 3
560 2
773 1
120 3
307 2
585 0
336 0
878 3
932 2
922 1
37 3
909 0
906 3
235 0
803 3
957 1
218 3
745 1
668 3
467 2
634 0
985 0
508 0
315 2
895 0
155 2
37 3
487 2
313 3
771 0
41 2
215 2
63 3
293 1
238 2
7 2
965 2
985 2
876 1
454 2
935 0
212 0
361 3
710 1
947 3
883 1
344 2
77 2
155 1
687 0
375 2
798 1
285 0
505 1
935 2
606 0
321 0
413 0
62 1
522 3
812 3
525 2
789 3
318 3
484 0
789 0
786 2
223 2
179 3
694 0
188 1
987 3
344 1
157 2
975 2
545 2
76 2
230 2
450 0
693 3
954 2
546 0
454 1
817 0
993 1
481 1
959 1
906 3
42 1
967 1
659 0
963 3
225 0
291 0
533 0
412 2
484 1
779 3
704 3
293 0
670 3
381 2
210 1
882 0
688 0
873 3
266 2
988 0
687 3
979 1
1 3
863 2
246 1
643 1
42 3
735 3
253 0
692 3
294 3
110 1
241 0
109 0
936 3
218 3
965 3
89 1
50 2
23 2
151 0
133 2
724 1
585 1
148 3
547 1
444 2
8 0
367 2
469 1
558 1
842 1
309 2
285 2
758 2
134 1
669 1
189 2
536 1
905 1
986 3
764 0
18 1
52 1
450 2
121 3
690 1
864 3
503 3
534 1
384 3
620 2
599 2
562 3
872 2
88 2
323 0
146 1
109 0
663 2
721 1
631 2
948 1
404 2
121 3
114 2
240 3
175 0
577 1
667 1
677 3
73 2
411 2
820 1
558 2
888 1
330 3
647 3
395 0
245 1
351 1
704 1
512 0
97 3
379 1
604 2
487 1
287 3
6 0
946 1
385 1
214 3
745 3
7 3
161 1
882 2
860 1
803 1
758 0
547 1
362 1
515 1
803 3
736 1
62 2
660 1
113 1
482 0
957 3
358 2
522 1
332 3
140 0
14 3
487 3
431 2
16 1
637 2
750 2
815 2
258 3
289 0
138 2
311 3
652 1
335 3
222 3
914 1
268 2
568 2
221 3
769 3
517 1
601 3
895 0
973 3
601 2
478 0
752 0
464 0
604 2
599 2
168 2
385 2
372 2
800 0
864 0
876 0
332 2
637 1
654 0
510 1
611 0
451 1
736 2
149 1
799 2
453 3
948 2
411 2
976 1
911 1
363 2
750 1
293 2
428 1
869 1
850 0
529 2
485 0
997 1
510 3
154 3
450 1
100 0
521 3
82 0
717 0
252 2
91 1
217 0
777 3
324 3
950 0
764 0
963 3
267 3
673 3
493 0
157 3
193 2
600 0
334 0
20 1
948 2
173 3
57 3
399 0
302 2
32 3
227 0
373 0
486 3
289 0
860 2
782 3
915 2
645 0
256 1
122 0
59 3
656 2
157 0
970 2
981 0
953 3
311 3
89 3
358 3
990 3
956 0
647 0
114 0
698 0
921 3
924 2
171 2
474 1
246 2
428 3
120 3
522 3
968 2
288 1
175 0
451 2
463 2
738 0
246 0
268 1
370 2
177 3
882 0
381 3
64 2
340 2
907 0
10 2
890 3
859 3
876 3
122 2
181 2
219 2
117 1
855 1
139 1
604 0
306 3
183 0
27 1
566 3
868 3
955 0
870 2
416 1
875 2
683 0
49 2
775 1
175 0
71 0
737 2
855 3
340 1
942 2
90 2
128 0
476 3
841 0
781 2
517 0
595 3
254 3
558 0
505 3
295 0
607 2
831 3
408 0
650 1
263 3
627 2
282 1
68 3
287 3
479 2
338 2
359 2
101 3
164 2
266 2
516 3
624 3
198 2
201 0
334 3
523 2
621 2
333 3
494 0
346 1
842 2
756 0
283 2
277 1
91 3
94 3
296 1
572 1
864 1
699 3
882 1
311 3
294 2
845 0
49 2
597 1
544 2
5 1
634 2
26 3
259 3
210 3
163 0
509 3
627 1
883 2
446 2
211 0
754 1
561 3
885 2
381 3
1 3
516 3
353 2
692 0
699 2
153 1
570 2
208 1
5 2
785 0
111 1
223 3
436 3
294 0
565 1
410 3
840 0
607 3
16 0
798 2
409 3
700 0
790 1
952 0
773 3
254 1
939 3
878 2
186 0
501 0
590 3
490 1
552 3
909 0
556 3
75 3
827 2
725 1
529 3
464 2
94 3
602 1
495 3
59 1
694 2
268 1
932 1
112 3
342 2
204 0
164 2
773 1
783 1
648 2
417 2
0 1
218 2
411 2
258 1
528 3
995 3
9 0
311 1
158 0
957 2
929 2
323 2
679 3
