500 400
0 176 154
0 270 274
0 130 450
0 360 18
0 15 132
0 177 281
0 16 175
0 364 8
0 376 314
0 74 48
0 255 180
0 20 363
0 251 62
0 111 225
0 182 427
0 386 122
0 352 156
0 59 31
0 136 135
0 200 13
0 37 19
0 80 69
0 222 457
0 15 295
0 88 81
0 18 145
0 181 276
0 371 478
0 262 282
0 161 498
0 362 376
0 147 5
0 385 488
0 77 121
0 127 109
0 184 79
0 79 440
0 12 69
0 128 410
0 141 68
0 207 349
0 136 196
0 93 481
0 82 25
0 46 457
0 28 274
0 30 404
0 113 282
0 343 333
0 235 218
0 320 132
0 397 455
0 112 27
0 86 34
0 147 408
0 201 55
0 212 205
0 215 295
0 257 170
0 188 128
0 48 441
0 19 172
0 200 304
0 146 309
0 136 432
0 347 324
0 34 144
0 390 159
0 233 352
0 84 306
0 189 286
0 32 27
0 252 17
0 14 421
0 394 307
0 106 212
0 59 68
0 396 170
0 366 214
0 35 31
0 51 20
0 341 344
0 297 497
0 243 225
0 52 153
0 307 417
0 145 259
0 118 263
0 66 83
0 259 453
0 205 69
0 289 86
0 220 38
0 317 377
0 217 41
0 16 397
0 53 17
0 88 353
0 376 10
0 18 480
0 393 340
0 317 408
0 216 114
0 284 205
0 39 427
0 160 479
0 269 58
0 292 182
0 360 499
0 77 306
0 304 76
0 170 129
0 364 333
0 112 381
0 148 37
0 269 26
0 334 481
0 347 34
0 259 172
0 13 397
0 92 346
0 339 228
0 352 118
0 324 499
0 83 112
0 74 355
0 67 82
0 51 114
0 329 480
0 315 348
0 8 179
0 191 192
0 329 172
0 324 394
0 231 204
0 51 124
0 158 442
0 88 333
0 13 69
0 324 410
0 331 65
0 263 440
0 89 442
0 240 278
0 399 164
0 290 282
0 356 65
0 167 478
0 357 219
0 164 114
0 297 481
0 338 413
0 31 38
0 397 144
0 147 33
0 113 462
0 235 168
0 62 104
0 146 65
0 354 266
0 292 159
0 302 103
0 135 133
0 88 117
0 194 53
0 373 243
0 186 38
0 130 41
0 136 91
0 280 190
0 125 444
0 368 285
0 213 354
0 372 457
0 339 424
0 291 119
0 207 194
0 121 230
0 305 73
0 362 437
0 219 278
0 274 131
0 273 414
0 328 104
0 174 396
0 91 442
0 374 267
0 90 162
0 227 88
0 223 443
0 241 293
0 388 149
0 201 332
0 353 350
0 289 370
0 152 315
0 229 95
0 58 113
0 114 37
0 133 491
0 46 230
0 240 147
0 308 410
0 326 64
0 105 101
0 324 38
0 52 492
0 330 325
0 123 371
0 277 199
0 71 12
0 63 224
0 321 57
0 82 435
0 351 106
0 226 277
0 42 472
0 115 362
0 10 343
0 112 159
0 108 234
0 202 340
0 275 430
0 374 396
0 223 220
0 165 254
0 211 194
0 105 188
0 313 123
0 256 207
0 367 182
0 135 106
0 128 23
0 361 289
0 23 146
0 112 251
0 66 297
0 304 462
0 29 483
0 295 33
0 247 453
0 301 24
0 295 210
0 320 428
0 284 456
0 48 26
0 395 352
0 371 161
0 32 233
0 10 35
0 1 94
0 79 344
0 131 360
0 249 257
0 179 262
0 397 197
0 140 12
0 371 33
0 326 116
0 185 353
0 388 158
0 75 43
0 311 438
0 388 154
0 194 348
0 29 137
0 165 173
0 399 371
0 216 68
0 218 402
0 126 120
0 62 318
0 235 387
0 13 128
0 101 239
0 84 404
0 153 78
0 96 259
0 164 166
0 15 397
0 69 159
0 29 498
0 121 342
0 11 231
0 370 49
0 1 80
0 292 335
0 48 121
0 375 492
0 365 471
0 234 341
0 323 174
0 354 264
0 206 298
0 38 146
0 150 106
0 76 342
0 20 24
0 21 101
0 354 452
0 9 196
0 287 406
0 220 162
0 23 205
0 298 361
0 61 192
0 119 170
0 374 345
0 300 88
0 314 281
0 252 149
0 152 200
0 23 41
0 388 113
0 124 130
0 195 1
0 194 116
0 202 425
0 271 347
0 273 274
0 310 476
0 55 145
0 31 223
0 303 219
0 236 467
0 373 168
0 120 196
0 268 10
0 19 209
0 211 470
0 25 104
0 321 320
0 269 71
0 24 294
0 141 388
0 126 303
0 162 335
0 215 3
0 396 422
0 207 328
0 228 88
0 330 121
0 106 331
0 290 25
0 181 218
0 72 422
0 133 223
0 252 186
0 167 278
0 365 127
0 117 233
0 81 370
0 136 47
0 304 271
0 199 111
0 279 487
0 386 431
0 121 66
0 189 340
0 232 280
0 186 332
0 232 3
0 297 211
0 140 296
0 187 276
0 341 268
0 215 263
0 100 397
0 261 92
0 185 97
0 226 301
0 287 240
0 276 213
0 46 188
0 269 461
0 379 168
0 355 152
0 250 106
0 380 426
0 250 26
0 335 126
0 197 453
0 156 184
0 136 173
0 297 235
0 203 443
0 380 405
0 293 375
0 57 25
0 326 11
0 381 46
0 173 491
0 149 173
0 117 144
0 229 21
0 115 468
0 92 87
0 206 477
0 19 259
0 300 428
0 263 124
0 202 200
0 12 4
0 308 73
0 65 250
0 348 290
0 62 6
0 3 396
0 216 221
0 116 63
0 5 59
0 93 27
0 153 377
0 81 209
0 357 100
0 71 100
0 74 23
0 315 133
0 222 302
0 382 117
0 353 151
0 247 222
0 133 420
0 24 348
0 217 461
0 327 92
0 357 485
0 11 127
0 232 173
0 301 287
0 38 433
0 195 311
0 338 178
0 382 367
0 329 388
0 40 377
0 298 234
0 391 499
0 53 340
0 37 167
0 38 436
0 13 294
0 110 156
0 120 327
0 153 1
0 162 481
0 11 200
0 167 135
0 245 155
0 393 445
0 19 472
0 105 6
0 15 484
0 388 245
0 309 279
0 270 346
0 357 36
0 134 299
0 368 198
0 215 37
0 73 78
0 14 320
0 121 239
0 398 363
0 319 59
0 132 259
0 11 117
0 290 75
0 78 436
0 36 219
0 167 75
0 1 51
0 239 198
0 374 140
0 341 313
0 85 90
0 237 437
0 349 411
0 100 190
0 62 73
0 95 262
0 147 453
0 335 23
0 322 266
0 102 439
0 148 172
0 142 243
0 252 222
0 221 396
0 334 454
0 81 481
0 240 356
0 213 393
0 322 107
0 172 344
0 361 381
0 350 335
0 126 167
0 215 446
0 332 327
3 236 138
1 373 302
1 379 498
3 330 425
3 258 281
2 108 432
1 361 185
2 245 485
2 48 492
2 134 153
2 29 377
2 361 479
2 346 412
3 228 84
1 398 27
2 224 143
3 64 359
2 164 339
3 84 444
2 2 227
1 362 276
3 295 463
3 146 172
1 88 252
2 185 136
3 129 22
3 177 280
2 357 358
1 80 284
2 173 354
1 74 33
2 316 182
1 164 48
2 43 378
1 188 83
1 298 175
2 226 105
3 379 210
2 238 31
3 301 358
3 383 94
3 252 419
3 273 162
1 304 479
3 228 200
1 383 22
1 391 215
3 289 359
2 57 308
3 324 480
3 125 135
3 396 7
1 344 170
2 150 139
1 207 205
3 260 283
3 230 406
2 206 337
1 46 298
2 85 344
1 238 289
1 50 438
3 204 492
3 167 440
2 4 256
1 384 331
3 40 434
2 38 423
1 261 11
2 295 297
2 123 138
3 204 435
3 260 311
2 72 147
3 233 346
1 138 12
3 104 263
3 383 120
2 18 38
3 124 136
1 329 476
2 310 62
3 290 321
3 245 423
1 210 269
2 347 8
2 165 180
3 133 478
3 241 172
3 257 248
1 264 336
3 93 174
1 392 29
2 110 228
1 324 427
2 370 184
2 100 14
2 200 46
3 358 379
1 121 140
1 20 265
3 272 307
2 219 422
3 295 213
3 87 476
2 223 466
1 141 275
1 106 450
1 386 454
3 93 144
2 38 207
3 56 478
2 60 43
3 229 427
1 176 77
2 308 341
1 232 370
2 143 225
2 364 246
1 272 128
2 378 472
3 30 486
2 311 343
3 373 195
1 382 301
2 354 499
1 229 355
2 57 295
2 158 227
1 204 170
1 315 279
3 152 193
1 14 388
3 186 104
3 325 396
3 391 480
2 196 241
3 282 364
1 40 159
3 100 36
1 208 144
3 242 122
1 305 128
3 185 204
3 53 430
2 143 159
2 290 182
1 320 294
3 166 230
1 154 102
2 333 172
2 251 3
2 299 188
1 241 392
2 24 493
2 278 287
1 51 78
3 289 218
1 37 198
3 202 353
1 218 244
3 212 154
2 60 277
2 11 263
3 328 314
2 60 499
3 259 5
3 39 166
2 380 399
1 13 332
3 316 175
2 151 335
2 394 303
3 185 387
3 393 472
1 228 28
2 239 326
2 238 337
2 127 341
1 82 351
1 278 395
1 62 459
3 114 135
1 112 209
1 201 432
1 76 3
2 113 327
2 108 16
2 125 181
2 125 139
2 59 319
3 75 304
2 128 413
2 74 250
3 352 46
3 236 197
3 62 379
2 219 90
1 52 370
3 293 474
2 25 198
2 318 280
3 69 37
2 138 426
1 270 234
3 106 209
3 71 315
3 168 398
1 100 285
1 32 45
1 290 21
1 143 253
3 26 482
2 365 255
3 233 326
2 396 254
3 104 160
1 260 123
2 204 18
1 396 321
3 266 460
3 55 28
3 267 263
3 103 225
3 4 478
1 67 84
1 25 207
2 208 366
3 336 149
2 22 481
3 207 182
3 386 413
3 269 488
3 327 44
2 116 359
1 135 493
2 29 338
3 350 256
2 13 263
2 199 205
1 222 176
1 55 214
1 152 198
3 301 181
3 385 423
2 209 293
1 34 86
3 193 492
1 44 386
2 371 460
2 223 232
3 61 430
1 375 87
3 53 424
2 107 466
1 140 11
1 373 429
1 229 169
3 257 447
1 48 46
2 253 232
3 296 175
1 352 349
1 52 183
1 138 10
3 365 242
1 110 251
1 111 475
3 348 382
1 7 281
3 207 270
1 91 17
3 267 6
2 357 51
2 60 255
3 357 468
3 43 458
2 350 182
3 389 161
1 154 196
1 138 219
3 327 393
1 352 284
1 20 486
3 358 195
1 22 497
1 119 476
2 0 365
3 40 395
1 56 433
2 182 21
1 252 11
2 345 21
3 30 258
3 10 165
3 264 495
2 177 123
2 300 20
2 36 345
3 392 434
1 196 467
1 351 308
1 57 455
2 291 5
1 208 315
1 383 108
2 84 30
3 217 218
2 141 357
2 164 286
3 150 96
2 64 240
3 374 445
3 351 480
1 79 127
3 38 428
3 379 244
3 125 201
1 2 337
1 97 39
3 235 183
2 341 87
2 31 370
2 395 75
1 52 24
1 375 127
3 17 79
1 193 60
2 354 150
1 148 495
1 206 171
3 289 404
3 335 155
3 120 307
2 27 423
2 160 87
1 293 238
1 100 306
1 79 133
1 277 338
1 148 389
3 141 191
1 236 57
2 81 382
1 308 58
1 249 283
3 256 395
1 201 232
1 209 208
2 312 285
3 15 255
2 40 359
1 189 244
2 72 470
2 254 423
3 52 13
2 126 336
2 108 25
1 300 330
2 257 122
2 50 111
2 73 36
2 208 391
1 370 251
3 138 393
2 93 454
1 112 92
2 12 423
3 197 312
1 139 135
3 30 262
2 44 247
1 245 441
2 105 431
3 378 151
1 178 203
3 92 277
3 117 66
3 273 443
3 362 246
2 346 12
2 37 382
1 364 463
1 238 440
1 166 360
1 384 95
1 398 53
1 240 353
3 389 323
2 259 215
2 81 448
3 369 473
1 179 304
3 120 342
2 321 381
3 278 122
2 175 357
2 360 398
3 87 281
3 162 470
3 121 174
2 279 497
3 284 76
1 238 318
1 27 418
3 112 355
2 338 130
2 49 341
2 126 222
1 156 268
3 308 186
2 309 111
2 64 361
3 69 334
2 59 455
2 50 82
1 6 330
1 164 169
1 83 116
2 36 271
1 232 380
2 84 197
1 302 73
1 279 306
3 217 39
3 176 407
3 261 128
3 283 381
1 203 359
2 387 420
1 156 408
3 181 437
1 338 204
3 398 254
3 100 343
3 39 424
3 217 357
1 149 21
1 138 347
3 341 84
3 20 492
2 66 21
1 245 3
3 376 332
1 138 0
2 266 482
3 361 424
2 254 442
1 215 106
1 69 177
1 114 250
1 393 450
2 249 29
3 288 408
3 56 263
3 15 168
1 399 310
1 55 159
2 38 144
2 2 15
1 167 263
1 328 369
1 396 32
3 332 343
3 279 265
1 33 314
1 165 165
1 119 404
1 379 474
1 290 372
1 326 413
3 259 193
2 133 223
3 17 138
1 12 492
1 133 193
3 327 85
1 276 148
2 245 43
1 0 29
1 216 490
1 162 297
2 369 118
3 192 350
1 240 471
2 93 299
3 180 78
1 107 69
2 388 478
1 23 484
2 292 199
2 293 128
2 334 48
1 214 192
3 383 289
1 283 426
3 303 446
1 225 34
2 147 42
2 52 190
3 247 189
1 236 98
2 227 393
3 348 418
1 35 102
1 171 159
1 11 277
1 153 490
1 51 363
1 331 213
3 255 3
2 101 449
1 103 19
1 378 315
3 83 283
1 143 0
3 202 394
3 306 135
2 245 13
1 285 291
1 1 194
3 37 59
1 239 155
2 104 324
1 238 109
1 373 308
2 182 113
2 56 259
2 150 257
1 5 278
1 363 139
1 226 350
2 227 448
3 258 225
1 303 41
1 325 152
1 244 374
1 334 54
1 283 384
1 337 307
1 199 496
2 350 74
1 361 114
3 17 358
3 192 294
1 18 217
1 106 234
2 180 134
2 89 140
1 69 273
3 397 24
2 313 244
3 149 293
2 166 284
3 88 336
1 124 256
3 348 444
3 313 273
1 372 208
2 273 269
2 377 261
2 107 286
1 130 318
1 373 55
2 278 100
3 232 138
3 118 127
1 371 395
1 151 18
1 299 195
3 206 491
3 297 3
3 191 255
1 341 455
1 298 420
2 62 344
1 255 24
2 149 175
1 370 464
2 263 240
3 231 330
2 133 290
2 140 226
3 358 1
1 4 302
3 339 112
3 227 462
3 284 251
1 224 205
3 163 367
2 64 289
1 320 190
3 381 85
2 60 94
2 354 123
3 268 147
3 189 167
1 261 460
3 40 311
3 0 391
1 391 104
2 115 99
3 122 53
3 50 36
3 35 391
2 200 449
3 274 308
2 397 431
1 101 192
1 12 346
3 183 43
2 129 482
3 115 275
1 199 61
1 268 289
2 231 60
3 180 248
2 9 440
2 193 369
1 140 424
2 273 369
1 66 293
2 357 416
2 134 415
1 292 53
3 321 267
1 134 370
2 283 376
2 237 30
2 90 266
3 238 350
2 317 70
3 246 171
2 333 329
1 101 318
2 291 341
2 81 452
3 155 206
2 52 164
2 274 350
2 294 21
1 86 264
3 219 309
3 304 161
2 85 419
3 347 347
1 329 397
2 336 91
1 163 32
2 16 83
3 290 476
3 285 444
2 60 3
2 335 113
3 145 260
2 306 468
3 389 465
3 317 195
3 369 246
3 341 168
3 24 217
2 145 281
1 13 370
1 249 308
2 35 367
1 195 37
2 247 321
2 148 417
2 21 29
2 60 63
1 299 127
1 279 470
1 175 487
3 162 202
3 128 421
3 350 166
3 392 306
3 337 316
3 181 469
2 221 26
3 282 238
3 91 308
3 221 212
2 286 135
3 223 398
1 46 12
2 255 462
1 200 144
2 100 88
2 334 255
1 105 368
3 223 324
3 159 454
3 94 117
2 349 10
2 352 260
1 215 334
2 34 53
1 203 49
1 387 102
1 221 360
3 270 275
1 78 160
2 180 409
1 229 423
3 124 333
3 290 432
2 265 321
1 144 199
1 33 360
2 111 109
2 92 211
1 209 33
3 329 308
1 33 385
2 310 141
3 322 173
2 341 475
1 373 321
2 127 22
1 174 182
3 43 378
2 219 400
3 4 191
2 254 154
2 368 205
3 233 268
3 365 442
1 34 429
3 3 266
3 186 477
2 246 31
2 6 194
2 27 172
1 398 266
1 58 327
3 170 303
1 271 381
1 34 5
3 64 187
2 78 6
2 336 222
2 301 232
1 231 19
1 3 382
3 326 292
3 315 200
2 317 122
2 99 390
2 145 229
2 59 434
3 365 412
3 223 466
2 9 73
3 105 414
2 68 464
1 368 120
1 268 359
1 65 460
1 26 18
3 80 88
2 362 327
3 240 379
2 210 9
3 269 447
1 389 127
1 122 458
2 122 423
2 73 103
2 222 284
1 311 121
3 89 14
3 332 315
3 246 65
3 394 327
1 290 244
2 98 495
3 167 169
2 349 402
1 318 123
2 247 246
3 152 414
2 335 254
3 326 208
1 42 288
1 59 338
2 84 350
3 281 444
3 157 408
2 281 431
1 138 302
1 369 47
2 108 167
1 14 342
1 292 94
2 137 452
1 376 317
2 174 476
3 94 83
1 199 374
1 391 438
1 9 113
3 199 97
3 366 327
2 179 428
2 110 128
1 87 10
1 237 396
2 24 107
2 236 75
3 262 443
1 269 303
3 268 359
1 269 423
2 166 281
2 373 141
1 215 47
3 146 135
3 223 419
1 127 348
2 177 72
1 201 31
2 161 93
1 325 469
2 250 346
2 240 322
1 332 118
2 295 411
2 112 273
2 102 377
1 265 264
3 101 95
3 4 315
1 354 116
3 310 418
2 210 433
3 215 156
2 150 463
3 388 432
2 371 389
2 295 460
3 349 270
1 276 109
2 35 4
3 289 468
2 367 301
1 227 293
1 224 6
3 343 179
1 124 267
2 249 133
1 25 189
1 5 424
2 56 156
2 339 395
2 395 307
2 7 177
1 95 240
1 184 115
3 190 326
2 31 472
3 376 444
3 50 168
2 118 474
1 133 387
2 309 85
1 372 218
3 112 344
2 85 218
1 343 127
1 135 182
3 205 118
2 83 104
3 25 28
1 264 236
3 366 423
2 373 103
2 309 335
1 85 179
1 95 473
2 143 189
3 226 23
3 220 289
1 29 402
2 39 105
1 232 289
3 18 316
2 161 439
1 147 386
2 383 400
3 238 284
2 137 486
1 114 335
3 231 389
1 395 467
3 342 89
1 141 464
3 204 194
1 254 458
2 202 370
1 23 148
1 103 314
1 142 73
2 365 181
2 48 310
3 312 454
2 309 459
2 157 356
1 116 77
1 242 367
3 284 196
3 39 335
3 260 259
1 396 45
3 308 237
1 260 40
1 329 339
1 25 244
3 169 71
2 274 160
2 220 73
3 154 300
1 171 18
1 196 181
1 359 256
3 68 76
1 175 31
2 269 386
3 11 4
2 361 368
3 138 19
3 177 150
2 369 462
2 237 316
3 156 202
1 118 299
3 153 424
3 381 334
2 341 393
2 113 409
3 335 331
1 334 400
3 375 463
2 346 337
3 11 128
3 291 389
3 186 142
1 208 472
1 140 474
3 283 207
1 243 130
3 108 195
3 138 170
3 48 439
1 193 10
2 93 106
1 252 242
1 256 284
3 103 241
3 199 224
1 312 383
1 86 178
1 117 91
1 227 272
1 64 424
3 29 5
3 124 248
2 174 492
3 389 485
1 231 179
1 256 191
2 70 448
2 201 156
1 260 319
3 171 261
3 345 450
3 267 329
2 227 257
2 199 380
1 382 305
3 2 83
1 310 100
3 284 327
3 193 175
3 222 425
3 358 432
3 66 237
2 300 6
2 372 222
2 220 447
3 248 51
1 256 429
2 204 7
1 287 170
2 135 447
3 212 191
2 375 320
2 73 16
1 54 264
1 119 199
