400 400
0 13 240
0 264 126
0 68 398
0 369 186
0 78 34
0 210 216
0 20 67
0 380 89
0 262 294
0 107 80
0 291 270
0 93 186
0 125 126
0 236 217
0 254 211
0 220 280
0 151 258
0 285 128
0 37 292
0 71 35
0 206 12
0 124 296
0 51 86
0 128 154
0 90 313
0 248 124
0 40 175
0 176 165
0 196 137
0 151 264
0 224 14
0 26 142
0 211 202
0 38 365
0 246 393
0 187 343
0 259 377
0 235 64
0 138 338
0 61 233
0 304 36
0 210 51
0 183 244
0 353 117
0 163 0
0 120 332
0 61 192
0 299 155
0 268 220
0 394 285
0 313 227
0 41 88
0 235 24
0 49 31
0 256 10
0 85 133
0 244 302
0 71 33
0 329 381
0 63 300
0 224 23
0 320 316
0 168 285
0 259 317
0 314 327
0 347 133
0 58 293
0 180 110
0 116 6
0 299 164
0 80 172
0 74 176
0 396 329
0 75 288
0 345 350
0 279 289
0 337 11
0 163 228
0 98 221
0 214 353
0 63 75
0 164 128
0 178 164
0 67 297
0 329 216
0 153 149
0 294 267
0 156 264
0 182 279
0 326 10
0 116 96
0 144 171
0 344 122
0 323 372
0 129 63
0 382 317
0 233 373
0 161 21
0 16 323
0 199 97
0 8 284
0 290 109
0 149 9
0 267 381
0 22 370
0 249 393
0 336 343
0 177 170
0 144 52
0 91 363
0 267 378
0 36 185
0 148 379
0 328 119
0 58 329
0 217 311
0 384 146
0 232 115
0 198 23
0 135 349
0 203 243
0 112 177
0 96 102
0 363 236
0 107 263
0 278 313
0 28 284
0 298 36
0 119 271
0 397 295
0 230 36
0 20 347
0 160 30
0 340 56
0 73 39
0 116 270
0 45 239
0 70 349
0 261 254
0 331 49
0 167 398
0 250 208
0 325 304
0 282 121
0 92 11
0 141 324
0 214 78
0 275 372
0 296 180
0 24 192
0 25 216
0 197 284
0 230 237
0 357 132
0 355 343
0 110 79
0 359 291
0 54 9
0 101 316
0 302 242
0 218 210
0 168 90
0 229 336
0 203 198
0 135 312
0 132 191
0 127 188
0 217 81
0 292 179
0 103 333
0 134 397
0 146 146
0 184 236
0 246 153
0 24 385
0 294 28
0 245 143
0 270 130
0 368 190
0 350 69
0 284 95
0 116 97
0 145 259
0 359 136
0 291 336
0 39 242
0 133 31
0 118 224
0 66 163
0 267 259
0 13 71
0 57 320
0 142 0
0 24 398
0 339 350
0 29 203
0 247 205
0 168 327
0 81 222
0 132 174
0 198 123
0 87 101
0 367 388
0 23 139
0 109 306
0 215 303
0 258 310
0 12 33
0 287 332
0 221 207
0 180 399
0 273 305
0 384 126
0 236 202
0 196 192
0 37 262
0 143 187
0 2 196
0 124 49
0 84 378
0 366 3
0 180 142
0 320 66
0 158 67
0 133 251
0 344 93
0 358 322
0 398 376
0 220 5
0 395 43
0 301 179
0 117 351
0 142 160
0 176 241
0 189 129
0 88 241
0 28 357
0 64 394
0 346 190
0 167 307
0 382 214
0 279 138
0 62 95
0 9 290
0 165 2
0 51 102
0 244 25
0 349 222
0 1 325
0 106 73
0 332 155
0 50 89
0 73 265
0 210 355
0 4 90
0 8 338
0 0 286
0 126 48
0 381 100
0 180 62
0 372 399
0 130 386
0 296 397
0 87 192
0 60 62
0 163 265
0 198 279
0 376 349
0 60 210
0 34 348
0 117 91
0 263 355
0 107 91
0 176 189
0 366 381
0 207 315
0 309 47
0 348 229
0 310 266
0 187 203
0 201 47
0 92 232
0 163 229
0 61 167
0 295 397
0 164 194
0 221 19
0 171 34
0 53 311
0 349 232
0 28 12
0 365 353
0 281 253
0 169 254
0 153 151
0 57 7
0 201 378
0 170 222
0 6 225
0 377 26
3 272 159
3 252 153
3 392 34
3 191 41
1 376 284
3 200 30
3 254 130
3 267 106
2 19 361
1 247 9
3 247 244
3 331 75
1 208 327
3 137 257
1 202 262
3 370 287
3 364 100
2 65 15
2 235 397
1 235 375
2 339 102
3 312 298
1 176 380
1 298 48
3 136 215
1 149 206
2 184 355
2 270 4
1 321 325
3 367 268
2 77 38
3 63 151
3 64 156
2 232 358
3 315 39
3 222 262
1 92 144
1 65 77
3 127 28
1 182 376
1 39 177
3 153 177
3 63 219
1 83 366
3 12 9
3 107 322
2 86 301
1 370 59
2 152 238
2 379 391
1 108 239
3 359 394
2 183 128
1 292 189
2 379 225
3 102 281
2 79 309
2 106 339
2 14 75
3 327 46
2 23 376
3 167 210
1 212 119
1 122 65
1 263 202
3 148 217
2 87 92
2 129 80
1 10 190
3 12 340
3 200 204
2 215 123
3 133 385
1 54 317
1 3 53
2 122 162
2 214 399
3 334 103
1 308 290
3 114 191
2 240 135
3 215 199
1 122 18
2 45 18
2 195 378
3 250 23
1 249 271
2 379 229
3 304 313
2 387 92
2 384 96
1 221 307
2 257 394
3 174 336
3 61 121
2 97 113
3 58 318
3 205 130
3 277 163
3 159 197
1 304 85
2 205 363
2 41 83
3 306 174
2 246 256
3 81 28
3 289 176
2 367 213
1 62 312
2 354 391
3 56 16
3 284 73
1 189 202
3 261 130
2 21 126
2 277 342
1 0 112
3 44 357
1 80 262
2 74 26
1 172 382
2 271 230
2 42 346
1 42 245
1 21 63
3 104 380
2 152 133
1 60 377
2 80 88
3 207 163
2 40 299
1 279 302
3 106 308
2 370 67
2 295 251
1 9 224
3 163 15
1 164 390
3 72 161
1 10 343
3 197 359
3 68 319
2 82 53
3 6 292
3 230 99
1 218 165
2 228 47
3 288 318
1 120 60
2 351 42
1 298 187
1 202 282
1 168 149
2 270 187
3 245 288
2 12 214
3 248 43
3 379 34
1 390 376
3 399 342
3 13 25
1 211 208
1 100 398
1 21 366
2 211 344
1 94 48
2 156 332
2 294 273
3 339 158
1 158 378
2 254 175
1 350 69
2 17 253
2 191 153
3 55 147
2 228 137
2 144 57
3 228 144
2 55 89
2 318 375
3 21 290
3 387 214
2 70 188
2 178 76
2 306 226
2 86 262
3 131 282
2 340 168
2 361 378
3 284 191
2 91 162
2 56 148
1 282 4
3 81 52
3 200 60
1 398 92
1 265 301
1 15 219
3 259 315
3 235 266
1 347 191
3 43 360
2 4 249
2 176 34
3 265 194
2 397 138
3 267 238
2 366 241
1 153 356
2 191 237
3 361 97
3 390 37
2 226 190
2 302 79
2 273 130
1 398 33
3 102 124
3 109 366
3 394 147
2 115 167
2 201 378
3 152 202
2 72 185
3 42 320
3 152 295
1 318 284
2 218 346
1 89 185
2 144 243
3 155 176
2 121 55
2 113 176
3 21 36
3 224 192
3 381 47
3 65 100
1 292 139
1 178 151
2 346 88
2 233 150
3 151 120
3 85 315
3 170 244
1 155 262
2 150 67
3 14 57
2 40 271
3 244 175
3 42 158
2 360 327
2 243 18
1 389 313
1 89 12
1 322 144
1 205 28
1 174 134
3 272 268
2 185 156
3 157 304
3 362 377
1 92 278
2 9 382
2 106 176
2 334 144
2 366 177
2 234 104
3 103 348
3 331 191
2 327 67
2 262 130
1 327 66
2 143 98
2 383 73
1 318 136
1 284 326
1 170 184
2 384 188
2 341 360
1 129 161
2 310 206
1 145 49
1 384 151
2 378 146
3 270 149
1 94 189
3 0 358
1 236 335
1 97 105
2 216 158
3 386 64
2 147 334
2 22 310
3 271 108
2 302 368
1 178 226
2 32 323
3 113 39
1 294 284
2 163 195
2 165 116
2 248 239
3 209 356
3 284 337
3 178 340
3 307 58
2 127 37
2 31 326
2 360 9
3 97 115
3 389 381
1 297 384
1 88 191
3 280 237
2 282 354
1 89 75
1 258 347
2 33 292
1 66 348
1 224 210
1 386 316
1 245 276
3 370 89
2 195 371
1 197 25
1 98 285
1 232 249
2 326 15
1 158 374
1 278 197
3 341 141
3 177 112
1 13 272
2 226 216
1 18 297
3 21 124
3 233 226
3 389 146
1 0 37
3 189 268
2 307 180
3 10 294
2 219 133
1 140 304
3 135 76
1 364 378
1 176 192
1 79 369
3 380 132
1 286 202
1 244 73
1 220 347
2 212 20
2 3 87
2 65 199
2 397 372
2 353 82
3 10 183
1 291 189
3 22 162
1 58 337
3 11 348
1 48 74
2 149 145
2 93 392
1 257 79
3 233 293
2 134 241
3 74 380
3 370 183
1 59 47
3 277 155
2 22 224
3 81 322
3 29 277
3 283 130
2 28 68
2 123 195
2 349 67
3 303 13
1 375 249
2 296 147
1 377 309
2 33 99
3 169 107
3 384 375
3 60 48
2 237 126
3 31 395
3 325 73
1 267 153
1 282 338
2 60 231
1 26 91
1 141 332
1 351 115
3 174 306
2 133 5
2 207 244
3 384 221
2 378 9
3 198 327
2 364 193
2 212 61
2 260 97
2 266 96
3 242 367
3 48 54
1 315 163
1 63 308
1 43 78
2 396 91
1 18 316
2 163 33
1 337 150
3 90 10
3 125 305
2 27 146
1 168 360
3 245 147
2 140 175
2 387 208
3 283 355
1 198 319
3 117 256
2 7 399
3 208 332
2 248 367
3 31 313
1 92 380
2 62 173
3 18 349
3 153 203
1 132 110
1 154 135
3 140 195
3 30 264
3 219 132
3 164 188
1 80 388
2 104 380
2 193 135
3 166 86
2 234 397
1 37 138
1 387 172
3 332 358
1 382 80
2 264 350
1 190 260
1 173 16
2 130 397
3 258 214
2 44 209
1 77 231
3 106 397
3 289 390
3 357 237
2 389 332
3 159 156
1 219 14
1 370 146
1 76 352
1 219 102
3 110 111
1 397 214
1 287 40
1 367 135
1 5 315
2 78 292
3 11 373
3 95 43
1 234 319
3 81 193
1 54 43
1 10 145
2 205 279
1 296 238
1 226 285
2 226 172
2 170 381
3 39 154
3 300 132
2 197 242
1 348 397
1 368 46
3 319 108
2 78 53
2 387 40
3 47 199
1 297 370
3 243 2
3 221 369
1 119 365
1 198 367
3 263 227
2 208 27
1 396 214
3 272 31
2 367 363
3 66 357
