400 400
0 223 322
0 220 8
0 16 276
0 195 386
0 28 388
0 46 61
0 52 80
0 296 27
0 332 164
0 343 346
0 370 353
0 117 380
0 150 164
0 265 17
0 170 74
0 261 379
0 335 174
0 351 248
0 114 81
0 78 148
0 87 9
0 80 95
0 61 342
0 75 15
0 334 12
0 397 9
0 151 119
0 146 230
0 58 348
0 382 60
0 215 89
0 144 392
0 78 287
0 172 64
0 123 289
0 22 9
0 133 298
0 233 226
0 312 324
0 130 22
0 179 268
0 280 141
0 71 1
0 22 3
0 283 71
0 231 399
0 294 347
0 60 360
0 384 308
0 358 394
0 191 79
0 148 293
0 110 365
0 231 294
0 324 25
0 192 382
0 242 283
0 228 198
0 354 22
0 116 119
0 283 357
0 140 392
0 371 338
0 286 288
0 212 317
0 138 143
0 330 66
0 226 176
0 261 331
0 383 19
0 134 139
0 215 51
0 313 265
0 287 259
0 66 225
0 381 266
0 199 99
0 113 25
0 180 128
0 71 205
0 224 197
0 37 146
0 71 115
0 56 229
0 346 25
0 345 300
0 290 172
0 182 247
0 353 61
0 335 209
0 349 348
0 376 225
0 14 143
0 216 53
0 90 241
0 44 252
0 237 248
0 230 230
0 360 160
0 358 282
0 341 147
0 220 226
0 134 36
0 45 219
0 351 116
0 40 334
0 75 9
0 15 313
0 56 375
0 287 313
0 295 66
0 75 171
0 124 91
0 8 262
0 56 90
0 355 289
0 52 278
0 224 22
0 126 262
0 302 314
0 134 82
0 304 229
0 69 33
0 33 88
0 284 147
0 398 253
0 387 360
0 205 95
0 69 14
0 45 293
0 213 111
0 149 6
0 149 227
0 31 374
0 42 272
0 263 257
0 281 343
0 3 283
0 173 246
0 220 173
0 365 358
0 235 355
0 316 159
0 134 307
0 186 346
0 36 359
0 241 192
0 156 41
0 4 147
0 187 344
0 228 302
0 157 371
0 183 311
0 328 212
0 248 342
0 79 164
0 270 372
0 124 202
0 223 211
0 384 240
0 60 321
0 277 150
0 41 91
0 370 62
0 360 141
0 273 264
0 273 297
0 299 364
0 336 85
0 236 367
0 394 157
0 91 292
0 7 13
0 388 217
0 204 237
0 179 108
0 224 97
0 327 82
0 91 70
0 268 214
0 399 308
0 50 94
0 316 353
0 393 43
0 212 204
0 42 274
0 198 334
0 23 207
0 12 252
0 141 338
0 193 374
0 191 86
0 7 130
0 119 394
0 304 281
0 138 109
0 126 85
0 269 42
0 187 240
0 128 312
0 151 337
0 217 244
0 115 382
0 338 322
0 322 373
0 68 92
0 23 369
0 63 109
0 293 327
0 67 304
0 253 81
0 95 330
0 93 291
0 153 357
0 209 83
0 27 222
0 199 24
0 190 16
0 372 392
0 367 23
0 327 59
0 33 100
0 113 30
0 115 35
0 126 288
0 198 285
0 259 396
0 118 151
0 57 336
0 109 392
0 383 340
0 288 117
0 325 112
0 130 158
0 21 197
0 377 152
0 68 182
0 268 203
0 355 40
0 250 15
0 164 71
0 182 314
0 194 284
0 73 194
0 368 321
0 286 381
0 104 118
0 268 185
0 232 166
0 247 210
0 216 118
0 51 290
0 173 160
0 206 270
0 310 397
0 160 165
0 152 340
0 187 91
0 155 256
0 85 25
0 11 24
0 309 172
0 218 84
0 349 152
0 359 58
0 171 150
0 121 243
0 243 23
0 66 102
0 32 103
0 395 350
0 18 108
0 293 31
0 22 383
0 94 20
0 42 198
0 25 111
0 335 92
0 321 55
0 343 357
0 360 376
0 164 129
0 362 240
0 153 165
0 366 245
0 375 380
0 195 242
0 117 246
0 344 193
0 44 52
0 252 199
0 204 161
0 358 15
0 171 98
0 238 385
0 273 140
0 328 173
0 292 7
0 272 212
0 359 103
2 75 314
1 28 321
2 340 302
3 344 44
1 270 150
3 98 41
2 136 188
1 379 139
1 12 97
2 169 189
2 15 103
3 188 322
3 236 7
2 157 114
2 216 365
3 358 258
2 91 95
3 148 355
2 244 75
3 216 253
2 359 28
3 332 126
2 306 156
3 192 379
3 0 260
1 22 395
2 83 199
1 231 353
1 176 166
3 383 263
3 92 58
3 77 209
3 44 145
1 299 298
3 206 363
2 4 137
3 75 140
3 175 0
2 286 201
2 286 173
3 288 385
3 230 320
3 58 241
1 241 180
3 146 122
2 71 263
2 260 103
3 163 14
1 283 170
2 123 288
1 202 33
2 93 378
2 225 67
1 41 8
3 208 224
1 339 300
1 109 372
3 81 57
2 11 23
3 310 278
3 255 49
2 9 276
2 278 285
2 202 1
1 294 373
2 257 45
3 167 54
1 357 397
2 281 333
3 350 314
3 54 20
2 265 261
2 239 323
1 147 68
2 62 118
2 211 232
3 296 207
1 81 11
1 300 139
1 220 394
1 229 147
1 398 370
1 312 115
2 116 161
3 307 357
3 145 118
3 354 290
1 246 31
3 40 23
1 258 69
1 392 48
1 254 168
1 158 53
1 357 340
2 76 284
2 160 379
2 110 320
1 95 92
2 154 163
3 152 230
1 354 158
3 182 233
1 28 75
3 319 148
2 194 76
1 248 83
3 196 269
3 70 388
2 52 245
2 322 138
2 353 24
3 129 164
2 112 285
1 269 188
1 100 171
3 272 385
3 44 365
1 121 121
1 196 241
2 233 124
1 11 332
1 105 160
3 215 0
1 209 363
1 197 117
2 339 277
1 109 143
2 170 37
3 262 312
3 101 132
2 245 36
3 287 240
3 220 298
1 284 11
2 19 182
1 394 9
2 370 200
2 110 138
1 44 51
2 107 345
3 30 29
1 151 59
3 308 189
1 115 107
3 241 259
1 311 218
2 69 378
2 101 106
2 34 147
1 128 154
3 42 5
3 202 231
3 45 386
3 152 249
2 40 108
2 257 196
3 238 157
1 285 159
3 149 302
2 190 350
3 72 203
2 80 194
2 1 341
2 35 371
1 254 313
2 385 391
1 279 147
2 12 177
1 334 56
2 218 337
2 326 124
2 31 238
1 61 395
3 366 375
1 363 151
3 306 171
3 241 168
1 209 32
2 314 322
2 224 104
1 221 180
1 118 24
1 181 97
2 64 261
2 178 396
1 229 95
1 295 361
1 35 93
3 110 258
2 61 12
1 347 217
3 110 372
2 39 148
2 294 174
1 239 258
2 277 54
2 386 129
1 31 107
1 78 70
1 161 62
1 279 183
2 379 124
3 380 309
1 132 317
2 272 192
3 312 209
3 321 99
1 396 333
3 307 36
2 304 2
3 5 27
2 60 124
3 349 57
2 292 40
2 32 139
3 79 344
3 23 350
1 138 193
2 165 12
2 297 329
1 383 155
3 17 124
2 358 139
1 165 95
2 3 195
3 0 27
3 347 112
3 96 233
1 231 36
3 214 382
3 325 107
2 260 29
1 206 394
3 392 144
3 267 202
2 327 279
1 299 259
1 384 74
2 284 142
1 254 18
1 49 49
2 12 297
1 2 146
3 99 113
1 333 293
2 172 177
1 16 398
2 8 126
3 9 239
1 344 310
1 303 151
2 343 262
2 355 45
2 155 13
2 81 240
1 187 185
3 180 145
3 237 95
3 28 257
2 174 343
3 173 37
1 229 3
1 391 321
3 221 151
3 31 109
3 211 318
2 89 232
2 393 225
1 46 355
2 365 376
1 337 269
3 290 83
3 47 318
1 343 244
1 394 226
1 40 156
1 280 166
1 66 110
2 347 11
1 355 136
2 274 92
2 61 65
1 311 97
1 311 240
2 399 81
2 81 376
2 55 155
2 225 91
1 113 248
3 135 325
1 268 180
1 51 276
2 19 206
3 298 120
2 378 141
3 169 130
2 195 127
3 312 76
1 399 398
3 226 166
3 208 366
1 124 166
1 141 351
1 108 279
2 312 112
3 56 47
1 31 93
2 197 166
2 112 65
2 2 208
2 198 13
2 277 132
3 341 288
3 332 205
2 340 103
2 359 37
3 46 349
3 176 217
3 321 242
1 44 114
1 19 224
3 167 379
1 180 234
2 294 254
2 241 80
2 369 97
1 67 206
2 117 153
2 334 320
3 237 31
1 222 185
2 87 255
1 311 358
2 50 78
3 367 149
3 111 94
1 23 68
3 20 347
3 248 155
3 277 192
1 148 311
1 301 202
2 386 85
3 133 166
1 8 198
1 49 159
2 140 229
1 76 21
2 278 52
1 275 362
3 59 185
2 124 383
2 144 144
2 199 359
3 110 248
3 294 126
2 85 323
1 175 314
2 2 320
2 210 110
3 276 50
1 267 107
2 230 385
1 85 149
3 28 160
2 258 168
1 30 362
1 340 133
1 15 251
3 110 66
1 31 149
1 185 302
1 274 340
2 349 181
1 174 390
2 179 30
2 36 26
1 270 364
1 221 194
3 42 36
2 206 11
3 175 358
2 373 53
3 57 182
3 52 164
3 129 164
3 111 285
3 137 23
2 259 172
1 101 85
2 85 133
1 69 157
1 45 183
2 251 264
2 298 319
1 95 42
1 315 95
3 276 85
1 384 367
3 388 86
3 138 343
3 168 344
2 146 225
1 317 279
1 340 27
2 281 170
1 250 342
1 316 151
3 90 382
3 67 134
3 35 340
3 207 263
3 359 15
2 46 68
2 9 20
1 14 173
1 331 332
2 170 143
2 170 73
1 229 173
1 44 180
1 388 104
1 57 320
3 376 239
2 195 302
2 159 389
2 57 329
2 83 12
1 306 260
2 198 143
2 340 180
3 263 354
3 395 274
2 397 209
3 186 326
3 311 280
3 283 165
2 332 46
1 65 197
2 320 44
2 351 21
2 63 58
2 160 180
1 195 117
3 176 85
1 62 225
2 390 189
3 93 283
2 162 55
2 266 364
2 187 19
3 399 315
1 352 207
3 267 84
1 147 202
2 281 192
3 115 391
3 138 374
1 399 392
2 7 351
2 292 270
1 349 73
3 294 273
3 113 115
3 162 60
1 378 33
1 160 264
2 219 94
3 335 35
1 378 26
2 210 38
2 77 102
3 330 269
2 144 63
3 382 159
3 136 90
1 162 167
1 235 67
1 20 267
1 188 391
3 252 175
1 165 341
3 372 215
3 141 192
3 125 45
2 253 88
3 83 162
3 306 193
3 77 4
1 133 273
3 276 267
2 57 201
3 110 304
3 295 325
3 366 162
2 225 130
3 109 101
3 84 311
2 130 311
1 358 322
3 191 307
3 102 163
3 67 238
1 198 63
3 23 159
2 268 48
1 364 111
3 369 3
2 291 96
3 345 129
3 239 63
2 194 309
2 180 378
2 249 123
1 249 176
3 111 83
1 218 199
3 0 260
1 204 63
1 372 327
3 141 25
3 265 281
3 331 239
3 319 383
1 47 24
1 60 84
3 162 228
2 358 216
1 230 342
3 279 341
3 18 346
2 54 397
1 93 8
3 82 266
1 316 6
2 368 219
2 173 306
2 365 306
3 132 146
1 136 307
3 125 287
2 175 142
3 218 253
3 388 228
3 132 189
1 60 237
1 289 391
3 294 249
2 304 124
3 134 157
3 39 44
3 20 302
1 185 327
1 307 340
3 128 266
1 156 135
3 29 199
3 391 25
1 123 47
3 0 376
3 11 56
3 370 120
3 84 380
1 33 396
1 64 316
3 195 87
3 113 188
1 399 316
2 69 109
1 361 43
2 298 370
1 219 132
2 196 197
3 393 347
1 271 316
1 352 10
1 241 167
2 234 206
3 363 281
3 102 379
2 348 384
3 41 258
1 319 334
1 89 31
3 119 4
2 215 218
2 348 272
3 157 101
3 95 71
3 379 184
1 199 363
1 13 177
2 347 14
1 293 18
3 398 2
2 287 47
2 7 340
1 89 99
3 198 390
1 91 18
