500 400
0 102 364
0 223 219
0 229 326
0 175 450
0 257 84
0 187 69
0 369 413
0 0 221
0 196 430
0 84 428
0 281 297
0 11 279
0 369 368
0 45 122
0 395 273
0 134 223
0 224 385
0 137 145
0 210 303
0 82 293
0 158 381
0 311 56
0 345 278
0 324 400
0 283 220
0 369 88
0 146 318
0 297 208
0 277 71
0 256 269
0 313 188
0 247 163
0 263 472
0 119 217
0 315 361
0 225 327
0 59 476
0 294 269
0 299 328
0 124 390
0 374 122
0 199 389
0 225 249
0 70 401
0 71 35
0 186 120
0 281 51
0 278 408
0 356 490
0 22 182
0 144 373
0 366 110
0 94 159
0 334 162
0 398 257
0 341 5
0 169 169
0 3 50
0 176 138
0 122 172
0 280 417
0 358 388
0 145 91
0 370 317
0 195 374
0 70 387
0 379 308
0 86 174
0 20 237
0 191 462
0 285 122
0 63 122
0 153 115
0 309 484
0 386 298
0 350 101
0 250 449
0 94 489
0 49 387
0 236 61
0 180 217
0 112 143
0 16 497
0 269 439
0 324 343
0 303 376
0 78 353
0 321 232
0 128 173
0 394 300
0 343 129
0 94 331
0 12 201
0 226 62
0 146 180
0 250 245
0 206 390
0 24 13
0 110 413
0 200 366
0 307 466
0 254 414
0 357 75
0 128 370
0 374 345
0 49 298
0 279 242
0 34 37
0 166 201
0 320 144
0 148 65
0 275 161
0 80 18
0 378 367
0 248 304
0 191 420
0 279 215
0 391 43
0 18 496
0 366 257
0 299 296
0 324 245
0 188 487
0 246 459
0 170 334
0 66 239
0 38 179
0 295 268
0 58 19
0 212 144
0 213 326
0 199 137
0 184 491
0 329 307
0 355 451
0 88 5
0 295 53
0 162 176
0 304 462
0 243 254
0 344 375
0 280 199
0 76 3
0 79 179
0 326 150
0 102 67
0 170 68
0 34 150
0 351 167
0 223 397
0 220 352
0 212 206
0 101 253
0 184 300
0 4 184
0 36 368
0 361 65
0 86 8
0 394 426
0 294 97
0 190 372
0 41 67
0 223 61
0 361 492
0 170 3
0 231 353
0 356 264
0 263 78
0 305 429
0 99 98
0 99 165
0 176 317
0 96 322
0 320 62
0 342 151
0 143 158
0 159 344
0 153 123
0 265 217
0 290 172
0 50 155
0 130 304
0 268 469
0 277 18
0 399 388
0 327 397
0 41 285
0 144 87
0 398 441
0 37 411
0 62 69
0 331 495
0 5 437
0 23 109
0 299 485
0 267 204
0 243 210
0 140 443
0 365 112
0 46 403
0 218 344
0 162 288
0 141 429
0 376 20
0 300 247
0 71 109
0 39 343
0 38 377
0 74 112
0 49 69
0 86 298
0 139 220
0 80 106
0 90 97
0 40 142
0 172 315
0 49 372
0 292 494
0 24 412
0 268 192
0 59 426
0 167 305
0 301 211
0 125 404
0 57 182
0 155 423
0 291 346
0 114 202
0 312 135
0 272 109
0 249 128
0 230 139
0 279 463
0 295 342
0 62 482
0 37 210
0 24 257
0 97 307
0 144 472
0 298 75
0 183 144
0 226 151
0 79 392
0 98 398
0 11 16
0 89 421
0 289 468
0 97 396
0 342 362
0 215 399
0 63 478
0 244 396
0 28 295
0 339 330
0 362 222
0 322 182
0 162 70
0 371 8
0 94 367
0 101 162
0 305 334
0 258 395
0 179 374
0 262 92
0 347 391
0 222 226
0 105 458
0 282 50
0 7 490
0 20 79
0 2 373
0 91 409
0 24 193
0 171 67
0 24 137
0 34 355
0 58 196
0 81 249
0 176 80
0 358 3
0 154 375
0 69 381
0 338 399
0 85 193
0 110 230
0 40 495
0 398 49
0 57 44
0 161 493
0 115 243
0 210 56
0 172 66
0 243 9
0 219 218
0 247 384
0 380 164
0 377 293
0 387 424
0 252 467
0 82 439
0 231 242
0 277 108
0 59 279
0 188 403
0 87 115
0 74 2
0 349 381
0 97 494
0 67 346
0 48 260
0 32 393
0 301 310
0 334 7
0 289 208
0 4 180
0 185 419
0 262 159
0 274 403
0 251 143
0 362 111
0 162 25
0 192 293
0 7 90
0 120 209
0 71 205
0 245 54
0 87 336
0 240 226
0 62 169
0 113 2
0 97 261
0 395 327
0 229 402
0 311 255
0 107 80
0 68 126
0 274 370
0 160 2
0 387 430
0 19 30
0 111 210
0 171 223
0 18 6
0 12 276
0 128 276
0 347 175
0 277 374
0 29 84
0 312 404
0 49 291
0 70 375
0 171 12
0 67 459
0 202 236
0 80 371
0 76 88
0 260 455
0 136 239
0 93 282
0 45 471
0 21 470
0 59 427
0 272 158
0 167 39
0 124 224
0 126 12
0 89 46
0 296 203
0 266 415
0 348 132
0 298 322
0 183 128
0 208 383
0 220 169
0 343 341
0 164 44
0 127 396
0 113 197
0 249 418
0 192 378
0 71 495
0 102 461
0 162 331
0 190 139
0 153 255
0 59 116
0 364 304
0 62 10
0 98 263
0 95 456
0 255 261
0 235 384
0 44 434
0 394 188
0 312 332
0 204 183
0 274 375
0 6 75
0 313 382
0 230 338
0 379 467
0 331 421
0 38 235
0 361 1
0 264 361
0 169 372
0 284 496
0 222 486
0 95 22
0 172 230
0 156 131
0 308 459
0 16 73
0 65 489
0 326 122
0 362 92
0 230 209
0 299 319
0 363 276
0 194 166
0 176 487
0 229 463
0 218 299
0 341 454
0 209 445
0 166 270
0 81 104
0 151 388
0 149 109
0 83 310
0 243 89
0 354 374
0 214 381
0 333 445
0 37 164
0 363 330
0 343 478
0 315 450
0 22 49
0 32 340
0 148 449
0 53 253
0 174 75
0 39 283
0 309 272
0 48 86
0 399 41
0 132 356
0 355 417
0 302 130
0 360 251
0 183 298
0 186 77
0 240 450
0 119 306
0 33 476
0 42 374
0 109 259
0 293 393
0 276 62
0 100 426
0 349 162
0 15 391
0 240 236
0 105 205
0 72 144
0 118 218
0 333 121
0 168 336
0 337 437
0 40 362
0 330 44
0 2 33
0 183 231
0 315 376
0 296 480
0 264 429
0 325 100
0 61 448
0 285 244
0 263 243
0 328 429
0 365 225
0 294 419
0 300 96
0 338 366
0 80 6
0 108 368
0 251 350
0 43 463
0 337 319
0 310 487
0 335 57
0 135 364
0 269 377
0 88 300
0 195 100
0 54 307
0 387 147
0 137 435
3 146 223
3 340 56
1 226 360
3 50 121
2 306 191
2 2 271
2 211 298
1 330 208
1 63 87
2 308 172
3 83 36
1 250 295
1 205 231
2 289 213
3 219 246
1 225 320
2 368 138
3 360 391
1 216 127
3 219 7
1 0 468
2 231 1
1 122 80
3 259 70
2 189 396
2 189 220
1 113 57
3 71 258
1 49 353
2 177 150
2 235 356
1 382 320
2 74 10
2 61 298
2 193 317
3 247 434
3 169 499
1 61 325
2 179 31
1 392 228
3 288 382
2 237 63
1 266 315
3 65 128
1 222 105
2 44 343
2 300 426
1 106 443
3 292 297
2 159 469
3 278 350
3 14 306
1 162 63
1 273 141
2 270 468
1 125 148
1 100 220
1 263 207
3 25 361
1 336 267
1 392 287
1 397 65
3 124 69
2 125 356
1 75 52
2 131 73
1 291 17
3 212 344
1 317 186
3 270 198
2 323 294
2 42 442
3 281 283
3 106 12
2 337 325
2 54 184
1 80 216
3 163 102
2 185 43
3 322 447
1 379 129
3 249 153
1 49 425
3 342 203
2 25 282
1 308 384
3 194 155
3 154 115
1 391 99
1 122 11
3 10 452
3 372 137
2 105 220
3 168 474
1 287 407
1 308 407
2 8 483
1 123 490
1 141 363
1 266 322
3 399 250
3 235 327
3 115 389
2 207 97
2 272 271
2 206 276
1 90 285
2 184 86
2 67 389
1 327 259
2 363 282
3 219 190
1 74 197
3 161 98
1 340 187
1 94 157
2 299 11
1 39 462
3 399 188
3 398 77
2 136 466
3 170 307
2 262 498
2 43 6
1 170 444
3 327 430
2 142 472
2 159 465
3 390 60
3 110 451
2 376 198
1 119 440
3 206 331
1 242 479
3 368 288
1 316 272
2 10 326
2 280 8
3 269 112
2 358 216
1 226 210
3 207 18
1 78 139
1 91 437
3 20 17
2 264 68
2 269 438
2 351 400
1 208 487
1 293 42
2 40 107
2 266 275
2 61 114
2 155 97
2 197 322
3 212 430
3 383 305
2 188 81
2 140 434
2 224 404
3 140 413
2 340 182
3 139 194
2 111 170
1 126 192
2 212 395
3 75 467
1 1 261
1 201 134
1 372 455
1 382 440
2 253 308
2 324 432
2 22 451
2 363 310
2 384 489
3 51 85
2 106 470
2 317 175
3 201 312
3 382 485
1 137 343
1 48 16
2 138 199
1 224 194
1 398 44
1 184 488
1 271 443
3 151 376
2 101 13
2 138 207
1 313 389
2 371 357
1 291 260
2 295 170
2 288 179
2 69 0
3 330 288
3 309 60
3 338 27
1 97 136
1 251 340
2 341 301
2 37 109
3 85 395
3 271 78
2 238 331
1 388 264
1 116 303
1 206 219
2 75 433
1 198 414
3 2 247
2 309 368
2 251 76
2 360 490
2 302 157
1 248 133
3 389 112
3 5 258
2 376 167
2 233 107
3 342 357
3 397 252
2 25 469
1 205 285
1 42 397
2 110 392
3 114 82
1 136 257
3 332 229
3 221 55
3 174 88
3 230 183
2 394 373
1 281 436
2 97 394
2 256 286
2 249 412
3 195 390
3 116 351
3 211 393
3 188 302
1 252 13
1 340 9
2 151 330
1 225 316
2 328 141
1 263 429
3 87 63
2 259 81
2 78 429
1 60 102
3 83 488
2 243 155
2 2 388
1 139 27
1 42 481
3 102 291
2 42 147
2 245 80
2 395 317
1 118 214
2 146 281
3 276 99
1 218 141
2 87 85
3 169 273
2 389 90
2 215 38
1 193 341
3 345 364
1 129 215
1 365 461
3 3 138
3 200 439
1 166 384
1 55 27
2 105 84
3 357 202
3 129 161
1 326 475
3 77 71
2 383 395
2 54 316
3 123 474
3 390 308
2 110 219
2 10 319
2 367 234
2 64 470
3 34 275
1 349 76
3 47 265
2 161 427
1 283 151
1 279 75
1 301 268
2 185 215
2 285 491
3 31 28
2 151 343
1 338 234
3 340 390
3 285 145
2 290 204
3 138 332
1 308 197
2 347 425
1 3 173
2 75 144
3 35 378
2 235 459
3 245 324
1 170 495
3 284 24
2 6 5
1 131 275
3 290 408
2 294 420
3 303 56
1 387 94
2 239 187
1 118 100
3 128 154
1 308 29
1 385 422
1 344 333
2 95 294
3 331 367
3 298 375
1 177 342
3 37 160
2 172 421
1 3 345
3 91 115
1 6 419
3 378 55
1 296 402
1 81 178
3 334 26
3 89 266
2 217 435
2 303 199
2 261 25
2 396 63
2 225 334
2 370 220
3 226 304
2 90 314
3 90 440
3 393 494
1 359 394
2 43 15
2 91 121
2 63 445
2 335 3
1 367 301
2 312 129
3 59 388
3 96 156
1 188 225
2 325 15
1 276 152
1 173 12
1 360 415
2 296 454
3 154 289
2 169 3
2 248 421
2 340 239
2 216 368
1 237 262
1 100 403
1 346 166
2 259 276
2 396 495
3 212 317
3 73 206
2 358 132
2 78 499
3 220 443
2 311 72
3 202 178
2 231 80
3 369 177
3 176 350
2 227 348
1 267 79
2 154 115
1 88 174
1 23 416
2 310 258
2 358 67
2 399 281
3 384 265
1 330 142
2 30 265
3 4 31
1 273 172
1 383 135
1 184 117
1 155 33
3 261 373
1 110 78
1 103 449
2 309 61
2 378 461
2 318 39
2 388 366
3 328 49
2 263 257
2 228 179
3 219 468
2 75 150
2 386 111
1 126 97
1 237 272
1 303 170
1 304 40
1 63 436
3 23 480
1 261 354
2 92 264
1 351 409
3 296 160
1 44 66
3 150 431
1 221 396
3 359 105
2 175 372
3 137 351
1 54 417
3 337 268
1 246 12
1 290 484
1 364 272
1 99 190
1 298 28
1 342 266
1 175 140
3 196 222
2 94 444
1 181 162
3 308 401
1 310 432
2 150 72
3 179 496
2 359 98
2 336 259
2 144 463
1 98 80
2 317 258
2 253 339
3 120 81
2 47 147
2 284 156
1 67 64
1 93 206
3 30 160
3 163 407
1 306 387
2 28 299
3 18 499
3 280 10
1 193 106
2 171 39
1 218 287
2 109 138
2 355 483
3 331 341
1 105 109
3 285 240
1 367 318
1 331 356
2 318 399
3 173 227
3 397 393
3 176 187
1 59 252
1 221 205
2 364 286
2 117 296
1 394 432
3 103 489
2 240 459
2 355 417
3 79 193
3 327 3
1 312 335
3 379 141
2 348 61
3 388 300
1 42 3
3 357 129
2 157 357
2 244 201
3 151 146
3 365 219
3 317 466
3 201 201
2 262 231
3 165 467
3 220 143
2 38 357
2 45 96
3 91 2
2 34 127
1 230 251
1 321 229
2 385 372
3 363 88
1 177 328
3 12 440
3 288 221
1 67 127
2 8 0
2 200 149
1 79 428
2 357 433
1 348 361
1 58 464
1 55 396
1 12 370
1 201 271
3 50 160
3 174 17
3 392 211
2 236 78
3 194 297
2 16 395
2 142 170
1 388 458
2 291 380
2 155 155
2 15 66
3 361 203
2 159 321
2 145 389
3 67 166
1 7 392
1 118 148
3 147 130
2 25 115
1 274 346
1 83 345
2 229 308
1 144 433
1 49 252
1 95 471
2 194 396
3 224 160
3 34 47
3 19 369
2 343 463
3 112 245
2 203 151
1 54 264
1 39 91
1 284 228
3 88 273
2 64 401
1 369 176
1 346 336
2 93 117
2 261 478
1 391 148
1 237 440
2 193 164
2 315 43
1 19 166
2 135 0
3 260 237
1 177 60
3 196 395
2 131 474
3 187 384
1 158 137
2 193 441
1 289 401
1 79 8
2 147 201
3 358 371
3 370 41
1 366 301
3 154 119
3 152 35
3 88 235
1 314 215
2 335 303
3 208 394
3 183 230
1 137 496
2 19 442
1 168 396
1 202 123
2 317 484
3 229 174
2 225 61
3 345 317
2 35 391
1 344 372
1 276 473
1 166 29
2 233 44
3 185 366
2 46 39
2 272 397
1 154 419
1 37 472
3 150 445
1 126 124
1 297 65
1 319 340
3 242 180
1 169 18
1 279 272
1 365 176
3 201 415
1 288 173
3 37 321
3 13 254
1 349 187
3 393 449
3 187 168
1 337 353
1 259 313
1 62 429
1 302 136
2 303 24
2 173 43
2 273 306
1 22 441
2 180 235
3 308 322
1 12 183
1 151 219
1 225 339
2 104 441
1 203 372
2 150 116
3 323 147
3 87 449
3 15 339
2 333 403
3 21 27
3 101 447
1 95 476
2 344 208
1 139 112
1 315 76
3 60 413
1 72 124
3 167 227
2 238 422
3 47 96
1 241 451
2 216 245
3 378 317
2 299 230
2 88 27
3 367 475
2 243 144
1 65 415
1 63 376
1 43 14
3 315 481
2 164 52
2 169 381
3 68 439
3 25 65
3 244 435
2 297 332
2 321 379
2 230 265
1 149 173
2 340 405
2 261 337
2 153 469
3 309 464
1 109 165
3 201 185
1 365 333
3 276 102
1 346 317
3 289 377
2 283 368
2 117 396
2 147 290
3 306 457
3 229 33
3 188 44
3 167 373
3 201 98
1 325 320
1 303 36
1 322 0
1 92 128
2 12 491
2 73 470
1 70 461
2 29 455
2 52 139
2 212 227
1 229 272
2 192 177
3 69 145
3 31 148
3 188 363
3 256 235
2 30 256
2 193 456
1 375 368
3 220 130
1 113 216
2 288 343
2 162 62
1 325 349
2 321 280
3 357 85
2 179 350
2 182 312
1 154 278
1 190 149
3 247 297
1 228 313
1 389 267
3 217 127
2 78 216
3 361 384
3 236 142
3 122 344
1 370 449
3 59 33
3 212 376
3 210 114
3 371 394
3 305 369
1 317 474
2 35 117
1 271 315
2 276 146
2 3 271
3 362 305
2 13 438
3 190 80
3 357 103
1 332 293
3 334 177
2 316 343
3 331 209
1 184 133
2 397 92
2 362 210
1 141 183
3 4 376
3 33 245
1 380 208
1 303 444
2 178 40
1 381 100
2 210 483
1 105 159
2 90 135
2 43 485
3 273 246
1 332 15
1 132 382
1 362 236
2 172 434
2 348 102
2 310 151
2 215 479
1 291 99
1 216 413
2 156 40
2 175 463
1 334 448
1 168 199
1 191 97
3 26 62
1 47 8
1 342 245
3 62 225
2 88 238
2 201 57
3 96 246
2 171 253
3 364 485
1 47 291
3 280 401
2 240 489
3 380 261
1 149 267
2 345 258
1 298 123
1 232 398
3 203 344
1 73 131
3 105 80
